#Mánaðarmeðaltöl fyrir stöð 448 - Lerkihlíð
stöð	 ár	mán	  t	  tx	  txx	txxD1	  tn	 tnn	tnnD1	 rh	 r	 rx	rxD1	 p	 n	sun	 f
448	1979	9	  2.1	  4.8	  9.6	30	 -0.3	 -7.5	21	NA	114.7	 24.6	16	NA	6.6	NA	 2.1
448	1979	10	  3.1	  5.6	 13.2	1	  0.1	-11.8	21	NA	 42.9	 11.5	31	NA	5.9	NA	 3.0
448	1979	11	 -2.2	 -0.2	  7.8	20	 -4.8	-15.4	9	NA	111.8	 26.1	4	NA	6.5	NA	 2.4
448	1979	12	 -3.1	 -0.2	 10.0	20	 -6.3	-16.2	7	NA	 44.9	 13.4	17	NA	5.7	NA	 2.7
448	1980	1	 -3.9	 -0.9	  8.3	12	 -7.4	-17.3	1	NA	 76.6	 16.3	22	NA	5.6	NA	 2.8
448	1980	2	 -1.7	  1.1	  8.7	23	 -5.6	-19.7	4	NA	 20.5	  8.0	1	NA	6.1	NA	 3.6
448	1980	3	 -0.9	  2.2	  7.4	19	 -4.4	-14.4	2	NA	 27.3	 10.8	22	NA	5.7	NA	 2.9
448	1980	4	  2.5	  5.9	 11.5	30	 -0.9	 -9.2	3	NA	 26.9	  5.0	1	NA	5.7	NA	 3.8
448	1980	5	  6.8	 10.8	 22.2	22	  2.7	 -7.1	7	NA	 27.0	 10.5	10	NA	4.8	NA	 2.8
448	1980	6	  9.6	 13.6	 20.0	10	  4.8	 -0.4	1	NA	 78.0	 19.4	21	NA	4.9	NA	 2.5
448	1980	7	 10.8	 14.8	 24.7	31	  6.6	  1.6	27	NA	 27.2	  6.8	25	NA	6.0	NA	 2.1
448	1980	8	  9.4	 13.6	 22.8	1	  6.0	 -0.6	22	NA	 62.3	 16.0	7	NA	5.7	NA	 2.1
448	1980	9	  5.6	  9.2	 14.8	22	  2.6	 -4.5	19	NA	 37.7	  9.0	17	NA	6.3	NA	 2.6
448	1980	10	 -1.8	  0.7	 10.4	31	 -4.8	-12.7	20	NA	 79.3	 17.0	7	NA	6.5	NA	 2.6
448	1980	11	 -1.6	  1.5	  9.9	4	 -5.3	-16.6	24	NA	 69.3	 17.0	16	NA	5.5	NA	 3.5
448	1980	12	 -5.8	 -2.4	  9.6	4	 -9.4	-21.1	19	NA	 61.6	  8.9	22	NA	6.8	NA	 3.2
448	1981	1	 -5.8	 -1.8	  8.9	27	-10.4	-21.7	16	NA	 68.9	 10.6	24	NA	6.1	NA	 3.4
448	1981	2	 -5.1	 -0.1	  7.1	26	 -9.0	-20.4	5	NA	 30.8	  9.6	12	NA	5.2	NA	 2.8
448	1981	3	 -3.8	 -1.7	  6.6	31	 -6.9	-13.3	21	NA	167.0	 36.0	11	NA	6.8	NA	 3.3
448	1981	4	  2.4	  5.9	 13.9	18	 -1.2	-12.2	30	NA	 25.0	 11.3	29	NA	4.9	NA	 3.2
448	1981	5	  4.2	  8.0	 15.4	14	  0.5	-11.5	1	NA	 17.5	  4.8	4	NA	5.8	NA	 2.7
448	1981	6	  7.3	 11.5	 19.2	26	  3.3	 -3.6	1	NA	 33.9	  7.5	29	NA	5.7	NA	 2.6
448	1981	7	  9.3	 13.8	 23.7	24	  5.5	  0.2	31	NA	 38.0	 10.7	15	NA	5.9	NA	 2.3
448	1981	8	 10.3	 14.8	 20.5	2	  6.3	 -1.4	20	NA	 51.4	 12.1	10	NA	5.8	NA	 2.6
448	1981	9	  5.0	  7.9	 16.2	1	  2.5	 -6.3	29	NA	117.9	 37.6	11	NA	6.7	NA	 2.6
448	1981	10	 -1.8	  0.7	  9.6	22	 -4.5	-11.9	16	NA	166.2	 26.6	27	NA	6.4	NA	 2.4
448	1981	11	 -3.1	 -0.1	 10.6	7	 -6.9	-19.5	19	NA	 79.8	 12.1	4	NA	6.0	NA	 2.6
448	1981	12	 -4.7	 -1.5	 11.1	2	 -7.7	-19.8	22	NA	161.5	 22.4	9	NA	6.6	NA	 2.9
448	1982	1	 -4.8	 -1.8	  5.8	12	 -8.0	-18.6	8	NA	 63.6	 17.4	16	NA	6.4	NA	 2.1
448	1982	2	  0.1	  3.0	  8.4	20	 -2.8	-10.2	11	NA	 71.1	 15.6	25	NA	6.1	NA	 3.4
448	1982	3	 -1.9	  1.4	  9.9	30	 -5.6	-17.6	3	NA	 42.0	  9.5	16	NA	5.1	NA	 3.4
448	1982	4	  1.7	  5.0	 10.3	18	 -1.6	-11.8	7	NA	 16.2	  8.5	30	NA	5.8	NA	 3.2
448	1982	5	  2.3	  5.8	 13.2	10	 -0.9	-13.3	5	NA	 45.3	 10.4	1	NA	6.4	NA	 2.4
448	1982	6	  9.7	 14.7	 23.2	6	  3.9	 -1.3	13	NA	 16.1	 11.8	1	NA	4.8	NA	 2.5
448	1982	7	 11.1	 15.1	 19.8	20	  7.9	  0.9	25	NA	 48.2	 13.5	8	NA	5.8	NA	 3.6
448	1982	8	  7.6	 12.3	 21.1	3	  4.2	 -4.3	28	NA	 55.2	 13.3	17	NA	5.7	NA	 2.1
448	1982	9	  3.4	  6.7	 10.4	1	  0.3	 -7.5	22	NA	 57.7	 26.6	10	NA	6.2	NA	 2.0
448	1982	10	  2.1	  5.3	 10.6	7	 -0.6	 -9.5	26	NA	116.6	 22.3	25	NA	5.9	NA	 1.9
448	1982	11	 -3.5	 -0.0	  9.0	5	 -6.7	-16.1	27	NA	 53.0	  8.7	14	NA	5.4	NA	 2.3
448	1982	12	 -4.1	 -0.7	  8.3	29	 -8.0	-18.7	18	NA	 81.3	 16.8	20	NA	5.7	NA	 3.5
448	1983	1	 -4.5	 -1.2	 10.2	22	 -8.0	-19.8	17	NA	 83.3	 10.5	24	NA	5.5	NA	 3.1
448	1983	2	 -0.2	  3.2	 10.0	11	 -4.0	-18.8	2	NA	 46.7	 22.2	5	NA	5.2	NA	 3.9
448	1983	3	 -3.0	  0.2	 10.4	1	 -6.4	-14.7	10	NA	 63.2	 13.5	30	NA	6.3	NA	 3.1
448	1983	4	 -3.2	  0.2	  7.6	12	 -7.0	-17.6	9	NA	 82.1	 27.6	6	NA	5.6	NA	 2.9
448	1983	5	  2.5	  5.7	 13.6	27	 -0.2	 -4.1	8	NA	 30.6	  9.6	10	NA	6.6	NA	 2.1
448	1983	6	  8.0	 12.1	 20.2	30	  4.2	 -2.9	14	NA	 51.4	 23.9	11	NA	6.2	NA	 3.0
448	1983	7	  9.7	 14.3	 20.9	20	  5.8	 -0.9	19	NA	 45.8	  9.2	4	NA	6.3	NA	 2.7
448	1983	8	  9.2	 13.2	 22.5	24	  5.4	 -1.3	30	NA	 49.6	 11.5	1	NA	6.0	NA	 3.0
448	1983	9	  3.1	  7.9	 17.8	13	 -0.3	 -8.0	28	NA	 24.9	  7.7	18	NA	5.3	NA	 1.9
448	1983	10	  0.1	  2.9	  6.4	6	 -3.2	-13.3	28	NA	203.0	 26.7	30	NA	6.2	NA	 2.6
448	1983	11	 -0.8	  2.1	  9.6	12	 -4.4	-16.2	29	NA	 73.3	 26.0	7	NA	6.1	NA	 3.0
448	1983	12	 -3.4	  0.0	  7.4	1	 -6.7	-17.4	23	NA	 79.7	 14.5	7	NA	6.1	NA	 2.8
448	1984	1	 -6.7	 -2.4	  5.5	9	-11.1	-21.3	14	NA	 65.5	 13.4	3	NA	5.8	NA	 2.5
448	1984	2	 -1.5	  1.8	  9.9	24	 -5.2	-16.7	6	NA	 53.2	 19.2	7	NA	6.1	NA	 3.5
448	1984	3	 -0.6	  2.8	  9.3	9	 -4.1	-19.4	1	NA	 43.6	  8.2	27	NA	5.4	NA	 2.6
448	1984	4	  3.0	  6.0	 17.6	26	  0.1	 -9.2	17	NA	 61.7	 18.9	14	NA	5.8	NA	 3.5
448	1984	5	  5.5	  9.5	 19.2	28	  2.1	 -8.0	6	NA	 27.0	  6.4	20	NA	6.1	NA	 3.3
448	1984	6	 10.1	 15.0	 22.8	7	  5.4	 -0.2	23	NA	 36.3	  7.7	26	NA	5.1	NA	 2.4
448	1984	7	 12.6	 16.8	 21.8	17	  8.9	  4.3	1	NA	 20.9	  5.6	14	NA	6.3	NA	 2.0
448	1984	8	 11.2	 16.0	 20.7	4	  6.8	 -0.1	25	NA	 15.8	  8.9	28	NA	5.0	NA	 3.2
448	1984	9	  4.7	  9.9	 17.3	6	  1.4	 -4.3	12	NA	 51.3	 19.0	21	NA	5.3	NA	 1.9
448	1984	10	  0.5	  3.4	  8.3	15	 -2.0	 -6.7	19	NA	 69.7	 21.3	8	NA	6.4	NA	 1.6
448	1984	11	 -1.9	  1.2	  6.2	12	 -5.1	-12.6	5	NA	 58.2	 17.1	15	NA	6.3	NA	 2.1
448	1984	12	 -1.1	  2.1	  9.6	11	 -4.8	-13.9	2	NA	 61.8	 15.9	17	NA	5.4	NA	 3.3
448	1985	1	 -4.1	 -0.8	 10.0	12	 -7.5	-17.3	25	NA	 45.7	 17.5	21	NA	4.4	NA	 2.5
448	1985	2	 -3.3	 -0.1	  8.0	28	 -7.0	-18.2	1	NA	 20.7	  6.9	1	NA	NA	NA	 2.8
448	1985	3	 -3.1	  0.3	  7.2	1	 -6.4	-16.3	17	NA	 64.0	 17.9	31	NA	5.5	NA	 2.7
448	1985	4	  0.3	  3.6	 10.1	23	 -3.3	-13.7	2	NA	 35.7	  8.2	17	NA	5.6	NA	 2.6
448	1985	5	  5.7	 10.2	 22.1	19	  1.8	 -3.6	24	NA	 60.4	 23.1	28	NA	5.3	NA	 3.2
448	1985	6	  8.7	 13.0	 19.9	17	  4.4	 -2.8	5	NA	 50.5	 19.0	2	NA	5.8	NA	 2.7
448	1985	7	  8.8	 12.8	 19.5	2	  5.2	  1.7	13	NA	 62.4	 13.3	13	NA	6.5	NA	 3.2
448	1985	8	  7.2	 10.5	 18.8	15	  3.3	 -4.7	27	NA	 82.6	 18.4	21	NA	6.5	NA	 2.7
448	1985	9	  3.5	  7.6	 13.8	10	  0.6	 -5.5	7	NA	 25.3	  5.3	18	NA	6.3	NA	 1.9
448	1985	10	  4.3	  7.6	 16.6	14	  0.9	 -6.6	10	NA	 59.2	 18.4	24	NA	6.0	NA	 4.5
448	1985	11	 -3.4	 -0.2	  7.3	21	 -6.1	-18.8	6	NA	 19.4	  4.3	7	NA	5.2	NA	 3.3
448	1985	12	 -6.0	 -3.1	  4.9	2	 -8.8	-17.9	7	NA	 78.6	 15.4	4	NA	6.4	NA	 2.7
448	1986	1	 -3.0	  0.0	  7.2	26	 -6.3	-11.7	3	NA	110.5	 27.0	11	NA	6.1	NA	 3.5
448	1986	2	 -3.2	  0.7	  7.9	12	 -6.2	-17.7	21	NA	  0.5	  0.3	19	NA	3.8	NA	 2.5
448	1986	3	 -1.0	  1.6	  9.1	10	 -4.1	-13.3	29	NA	 69.4	 13.3	23	NA	6.4	NA	 3.7
448	1986	4	  0.7	  4.3	  9.7	25	 -2.3	-12.9	16	NA	 70.2	 17.3	21	NA	5.8	NA	 2.9
448	1986	5	  2.2	  5.7	 12.9	19	 -0.9	 -7.6	4	NA	 52.6	 23.5	22	NA	6.4	NA	 2.8
448	1986	6	 10.3	 14.4	 22.5	28	  6.4	  0.5	3	NA	 26.7	  6.5	9	NA	5.0	NA	 4.0
448	1986	7	  9.5	 14.1	 20.2	22	  5.6	  1.2	18	NA	 29.4	  6.7	4	NA	5.6	NA	 2.5
448	1986	8	  8.7	 13.5	 17.8	8	  5.2	  0.2	29	NA	  9.8	  4.0	27	NA	5.7	NA	 2.3
448	1986	9	  4.3	  9.5	 14.4	3	  0.8	 -5.0	13	NA	 26.7	  9.1	28	NA	4.8	NA	 2.9
448	1986	10	 -0.2	  3.5	 11.0	9	 -3.0	-10.4	21	NA	 55.6	 12.6	28	NA	4.8	NA	 2.5
448	1986	11	 -2.4	  0.2	  6.1	14	 -5.3	-13.4	11	NA	176.1	 41.2	9	NA	6.4	NA	 3.0
448	1986	12	 -3.3	  0.0	  8.8	23	 -6.6	-19.8	2	NA	 71.1	 21.7	13	NA	5.8	NA	 3.6
448	1987	1	  0.6	  3.4	  8.2	22	 -2.7	-13.8	1	NA	  8.5	  6.1	4	NA	5.2	NA	 3.0
448	1987	2	 -2.7	  0.5	  7.5	1	 -5.5	-19.1	15	NA	 43.6	 15.7	8	NA	6.1	NA	 2.9
448	1987	3	 -1.6	  1.2	  7.9	11	 -4.5	-15.7	19	NA	 33.5	  3.9	18	NA	6.2	NA	 3.3
448	1987	4	  2.2	  5.2	 12.7	23	 -0.8	 -9.6	4	NA	 56.6	 19.0	2	NA	5.8	NA	 3.2
448	1987	5	  7.3	 12.0	 23.1	26	  2.9	 -3.7	2	NA	  5.3	  2.0	2	NA	4.4	NA	 2.8
448	1987	6	  8.8	 13.0	 18.0	13	  4.9	  1.5	6	NA	 30.6	  6.8	3	NA	5.3	NA	 2.1
448	1987	7	 11.1	 15.5	 21.7	12	  8.0	  2.0	9	NA	 56.0	 13.0	7	NA	6.3	NA	 2.3
448	1987	8	  9.0	 14.4	 20.4	11	  5.2	  0.4	31	NA	 14.7	  3.7	3	NA	5.0	NA	 2.1
448	1987	9	  5.5	  8.0	 14.4	29	  3.5	 -1.2	15	NA	 99.7	 19.7	22	NA	7.1	NA	 2.9
448	1987	10	  0.2	  2.3	 11.9	4	 -2.0	 -9.8	29	NA	118.2	 24.6	16	NA	6.7	NA	 2.7
448	1987	11	  2.4	  5.2	 11.4	5	  0.1	 -7.8	14	NA	 53.7	 19.7	19	NA	6.4	NA	 3.5
448	1987	12	 -0.3	  2.6	  9.8	9	 -2.5	-15.4	26	NA	 68.0	 20.2	29	NA	6.9	NA	 2.7
448	1988	1	 -6.5	 -3.1	  7.0	16	-10.1	-24.9	5	NA	 83.1	 11.4	10	NA	5.9	NA	 2.9
448	1988	2	 -4.3	 -0.8	  8.1	24	 -7.5	-15.5	13	NA	 56.8	 14.5	2	NA	6.6	NA	 3.1
448	1988	3	 -4.1	 -0.0	  8.1	7	 -7.7	-18.6	13	NA	 32.4	  8.8	2	NA	5.9	NA	 2.3
448	1988	4	 -3.2	  0.7	 13.1	26	 -7.7	-16.8	8	NA	 74.2	 24.8	14	NA	5.2	NA	 2.4
448	1988	5	  5.6	 10.3	 19.7	14	  1.4	 -8.6	1	NA	 21.8	  9.3	28	NA	4.9	NA	 2.8
448	1988	6	 10.2	 14.7	 24.7	10	  6.6	  0.2	3	NA	 18.1	  4.6	6	NA	5.4	NA	 4.1
448	1988	7	  9.7	 13.9	 23.2	6	  6.5	  0.2	4	NA	 62.3	 18.2	27	NA	6.0	NA	 2.6
448	1988	8	  9.7	 13.6	 20.5	4	  7.3	  2.5	21	NA	 77.1	 32.8	28	NA	6.9	NA	 2.2
448	1988	9	  5.3	  8.2	 17.9	14	  2.7	 -6.4	30	NA	112.9	 19.1	4	NA	7.2	NA	 3.0
448	1988	10	  1.0	  4.3	 10.9	20	 -1.7	-11.7	9	NA	 72.0	 16.9	3	NA	5.4	NA	 2.6
448	1988	11	 -0.3	  3.2	 10.0	24	 -3.3	-13.5	17	NA	 42.7	 10.0	26	NA	5.3	NA	 2.6
448	1988	12	 -2.5	  0.9	 11.4	14	 -6.3	-21.2	25	NA	 63.1	 16.8	26	NA	6.3	NA	 3.3
448	1989	1	 -2.6	  0.6	  9.1	31	 -6.0	-12.2	22	NA	 92.2	 27.4	28	NA	6.1	NA	 3.2
448	1989	2	 -5.5	 -2.1	  6.9	9	 -8.2	-16.9	16	NA	169.4	 34.1	26	NA	6.8	NA	 3.2
448	1989	3	 -3.2	 -0.3	  8.4	31	 -7.3	-17.5	16	NA	142.9	 46.9	23	NA	5.8	NA	 3.0
448	1989	4	 -0.9	  2.7	  8.1	30	 -4.3	-14.9	25	NA	 79.1	 16.1	16	NA	5.6	NA	 2.3
448	1989	5	  3.3	  6.8	 14.7	31	  0.8	 -3.1	9	NA	 22.5	  7.7	15	NA	6.1	NA	 3.0
448	1989	6	  8.9	 13.1	 18.0	17	  5.0	 -2.2	29	NA	  8.1	  2.5	12	NA	5.0	NA	 2.8
448	1989	7	 11.4	 15.9	 20.6	16	  7.7	  0.6	1	NA	 35.7	 12.2	27	NA	5.7	NA	 3.3
448	1989	8	  8.8	 12.6	 17.9	1	  6.0	 -1.1	25	NA	 79.6	 16.0	12	NA	6.5	NA	 2.2
448	1989	9	  5.5	  8.7	 16.3	29	  2.9	 -3.8	8	NA	 80.9	 20.8	25	NA	6.8	NA	 3.2
448	1989	10	  2.1	  5.2	 12.5	3	 -0.5	-10.7	27	NA	 32.0	  9.2	21	NA	6.4	NA	 2.1
448	1989	11	 -1.8	  1.0	  9.6	15	 -4.6	-13.8	19	NA	 43.8	 11.2	16	NA	5.5	NA	 1.9
448	1989	12	 -2.8	  0.5	 12.6	1	 -6.0	-19.6	21	NA	103.2	 36.0	18	NA	6.1	NA	 2.6
448	1990	1	 -2.1	  0.2	  4.9	1	 -4.7	-10.2	16	NA	195.4	 28.6	24	NA	6.7	NA	 2.6
448	1990	2	 -3.9	 -1.3	  3.6	1	 -6.5	-19.8	28	NA	277.4	 54.4	12	NA	6.9	NA	 2.5
448	1990	3	 -4.6	 -1.2	  6.2	25	 -8.0	-18.5	10	NA	 45.6	  8.5	18	NA	6.4	NA	 2.9
448	1990	4	 -1.9	  1.6	  8.2	20	 -5.3	-17.7	4	NA	 27.1	 10.1	26	NA	5.6	NA	 3.2
448	1990	5	  5.9	  9.8	 17.0	27	  2.0	 -1.3	9	NA	 16.3	  5.7	13	NA	4.6	NA	 1.7
448	1990	6	  9.2	 13.6	 21.0	12	  5.6	  0.9	26	NA	 26.7	  7.9	21	NA	5.8	NA	 2.4
448	1990	7	 11.7	 16.1	 24.1	14	  8.2	  2.3	4	NA	 13.7	  3.8	31	NA	5.8	NA	 2.5
448	1990	8	  9.6	 13.5	 20.6	9	  6.7	  1.4	19	NA	 53.3	 10.7	29	NA	6.3	NA	 1.9
448	1990	9	  4.6	  7.6	 15.1	9	  2.1	 -4.2	25	NA	 63.8	 15.7	21	NA	6.3	NA	 2.8
448	1990	10	  1.9	  4.0	  9.3	21	 -0.3	 -8.9	18	NA	112.2	 16.4	13	NA	7.1	NA	 1.9
448	1990	11	 -0.0	  2.7	 10.2	6	 -2.4	 -9.6	2	NA	 62.9	 33.2	14	NA	6.1	NA	 2.1
448	1990	12	 -2.3	  1.3	 12.4	13	 -6.1	-16.7	20	NA	 55.3	 10.9	26	NA	5.8	NA	 3.0
448	1991	1	 -0.0	  2.7	  9.6	24	 -3.2	-13.3	20	NA	164.6	 42.7	4	NA	6.2	NA	 3.3
448	1991	2	 -1.4	  2.2	  9.5	5	 -4.1	-15.0	24	NA	 19.2	  5.8	20	NA	5.1	NA	 2.6
448	1991	3	  0.4	  3.0	 10.1	25	 -2.5	-11.3	30	NA	139.7	 28.3	17	NA	6.7	NA	 2.7
448	1991	4	 -1.2	  2.6	 10.6	27	 -5.0	-15.1	4	NA	 65.5	 27.8	27	NA	5.3	NA	 2.4
448	1991	5	  7.5	 11.8	 18.9	25	  4.5	 -0.5	7	NA	 38.7	 15.2	6	NA	5.8	NA	 2.3
448	1991	6	  8.0	 13.7	 22.6	30	  3.2	 -3.2	3	NA	 19.5	  7.2	13	NA	4.0	NA	 1.9
448	1991	7	 12.7	 17.2	 27.4	7	  9.3	  2.6	20	NA	 42.6	 11.2	28	NA	5.7	NA	 1.7
448	1991	8	 10.2	 15.4	 24.2	1	  6.8	  0.0	24	NA	 17.7	  3.6	29	NA	5.5	NA	 2.7
448	1991	9	  5.1	  9.8	 20.2	5	  2.1	 -6.7	27	NA	 65.6	 12.6	19	NA	5.8	NA	 2.2
448	1991	10	  3.0	  5.5	 12.6	23	  0.5	-10.2	18	NA	143.8	 38.7	4	NA	5.9	NA	 2.5
448	1991	11	 -2.6	  0.1	  6.0	2	 -5.3	-15.1	17	NA	158.4	 35.7	12	NA	7.1	NA	 1.8
448	1991	12	 -1.2	  2.3	  9.2	28	 -5.1	-19.7	22	NA	 15.6	  3.0	20	NA	5.8	NA	 3.1
448	1992	1	  1.3	  4.8	 11.6	19	 -2.8	-15.7	4	NA	 59.5	 30.3	7	NA	5.5	NA	 3.1
448	1992	2	 -2.7	  1.2	  8.4	6	 -5.8	-13.5	4	NA	 56.6	 11.6	24	NA	6.3	NA	 3.2
448	1992	3	 -2.2	  1.2	  9.3	8	 -5.3	-19.2	15	NA	 67.5	 13.0	30	NA	6.5	NA	 2.8
448	1992	4	  0.5	  3.3	  8.6	21	 -2.0	 -9.7	7	NA	 33.1	  6.8	21	NA	6.5	NA	 2.8
448	1992	5	  5.7	 10.1	 20.5	26	  2.0	 -8.4	10	NA	 23.8	  9.6	14	NA	5.5	NA	 3.0
448	1992	6	  8.7	 13.1	 19.7	1	  5.5	  0.6	24	NA	 56.3	 15.1	24	NA	5.7	NA	 3.3
448	1992	7	  9.2	 13.8	 23.1	6	  5.5	  0.4	1	NA	 36.1	  8.8	20	NA	5.8	NA	 2.5
448	1992	8	  8.3	 12.5	 16.3	13	  5.1	  0.9	26	NA	104.7	 22.0	27	NA	6.2	NA	 2.4
448	1992	9	  5.3	  7.9	 14.9	30	  2.8	  0.1	25	NA	 80.3	 20.2	7	NA	7.1	NA	 2.4
448	1992	10	  2.1	  5.7	 15.7	7	 -1.5	-13.6	29	NA	 58.2	 13.9	8	NA	5.2	NA	 2.4
448	1992	11	 -2.3	  0.6	  7.8	8	 -5.3	-15.3	22	NA	125.5	 36.4	6	NA	5.9	NA	 3.1
448	1992	12	 -2.1	  0.4	  7.9	26	 -5.0	-13.6	19	NA	221.8	 35.6	19	NA	6.6	NA	 3.6
448	1993	1	 -6.1	 -2.2	  7.4	31	-10.2	-18.3	24	NA	106.2	 23.4	12	NA	6.2	NA	 2.9
448	1993	2	 -0.8	  2.2	  8.1	7	 -4.2	-12.7	27	NA	 35.9	  6.3	1	NA	5.8	NA	 3.4
448	1993	3	 -0.3	  2.6	  9.6	1	 -3.6	-11.6	19	NA	 41.5	  8.3	4	NA	5.6	NA	 3.1
448	1993	4	  1.8	  5.0	 10.6	28	 -1.1	 -7.8	24	NA	 27.1	  7.1	17	NA	5.7	NA	 3.0
448	1993	5	  4.5	  8.8	 17.9	26	  1.1	 -5.5	13	NA	 65.7	 18.7	15	NA	6.0	NA	 3.2
448	1993	6	  7.5	 11.8	 17.0	12	  4.0	 -2.4	2	NA	 73.6	 21.8	26	NA	5.8	NA	 2.4
448	1993	7	  7.0	 10.1	 15.6	22	  5.1	  2.0	14	NA	 39.8	  5.5	28	NA	7.4	NA	 2.6
448	1993	8	  8.5	 12.7	 19.1	25	  5.3	  0.3	12	NA	 44.6	 11.1	20	NA	6.2	NA	 2.7
448	1993	9	  7.5	 11.4	 17.3	3	  4.8	 -1.7	18	NA	 14.9	  3.3	21	NA	5.8	NA	 2.1
448	1993	10	  2.3	  5.5	 13.6	22	 -1.0	-10.0	16	NA	 11.1	  4.9	14	NA	5.8	NA	 2.8
448	1993	11	  3.2	  6.1	 12.0	1	  0.5	 -6.6	23	NA	 10.8	  6.3	9	NA	6.3	NA	 3.7
448	1993	12	 -4.7	 -2.4	  5.0	29	 -7.7	-15.3	11	NA	134.5	 16.4	31	NA	6.7	NA	 2.2
448	1994	1	 -4.4	 -2.0	  6.6	18	 -7.4	-17.0	24	NA	137.8	 18.1	11	NA	6.5	NA	 2.8
448	1994	2	 -2.0	  1.4	  7.3	11	 -4.8	-15.3	27	NA	 28.8	 16.4	14	NA	4.8	NA	 2.5
448	1994	3	 -3.5	 -0.6	  7.7	28	 -6.9	-14.9	20	NA	 67.4	 14.8	16	NA	6.7	NA	 2.5
448	1994	4	 -0.5	  2.4	 10.2	14	 -3.6	-10.9	29	NA	 72.4	 16.5	1	NA	6.0	NA	 2.3
448	1994	5	  5.6	  9.4	 13.6	28	  1.9	 -3.3	18	NA	 19.0	  6.4	30	NA	5.6	NA	 2.2
448	1994	6	  6.9	 10.4	 18.8	11	  4.0	 -0.4	2	NA	 46.1	 10.8	25	NA	6.6	NA	 2.7
448	1994	7	 12.3	 17.5	 24.1	6	  8.1	  2.1	24	NA	 39.2	 10.4	10	NA	5.9	NA	 2.6
448	1994	8	 10.1	 15.6	 21.3	6	  5.7	 -0.5	30	NA	 41.7	 12.0	27	NA	5.6	NA	 2.4
448	1994	9	  4.3	  9.4	 17.3	3	  0.8	 -8.2	29	NA	 18.6	  3.8	21	NA	5.2	NA	 2.2
448	1994	10	 -0.0	  3.2	 12.1	5	 -2.9	-11.1	16	NA	110.6	 13.3	6	NA	7.0	NA	 1.8
448	1994	11	 -0.3	  2.6	  8.9	26	 -2.7	-11.1	18	NA	 91.8	 16.1	19	NA	6.5	NA	 2.8
448	1994	12	 -3.1	 -0.1	  8.9	2	 -6.1	-15.3	31	NA	130.1	 24.9	26	NA	6.1	NA	 2.8
448	1995	1	 -4.5	 -1.6	  6.3	12	 -7.6	-19.5	28	NA	156.7	 36.6	19	NA	6.8	NA	 2.8
448	1995	2	 -5.2	 -2.8	  3.3	20	 -8.0	-18.6	9	NA	 86.6	 22.7	20	NA	6.6	NA	 2.3
448	1995	3	 -3.8	 -0.6	  8.7	30	 -7.3	-18.6	28	NA	191.7	 47.2	17	NA	6.3	NA	 3.2
448	1995	4	 -1.0	  2.2	  7.6	9	 -3.9	-11.9	21	NA	 38.8	  8.3	18	NA	5.9	NA	 2.4
448	1995	5	  2.3	  5.8	 14.9	31	 -0.7	 -7.7	14	NA	 46.6	 17.6	29	NA	6.1	NA	 1.6
448	1995	6	  9.4	 14.2	 20.0	8	  6.2	  0.0	3	NA	 16.7	  8.1	17	NA	5.6	NA	 3.3
448	1995	7	  9.4	 14.3	 22.2	2	  5.1	  0.2	8	NA	 51.3	 22.2	6	NA	5.6	NA	 2.5
448	1995	8	 10.9	 16.3	 21.9	7	  7.3	 -0.8	25	NA	 22.3	  6.7	12	NA	5.6	NA	 2.7
448	1995	9	  5.4	 10.1	 17.7	11	  2.5	 -8.6	29	NA	 25.2	  5.2	25	NA	5.5	NA	 2.7
448	1995	10	  0.9	  2.9	  7.4	5	 -1.3	 -9.4	30	NA	272.8	 63.9	26	NA	7.1	NA	 2.5
448	1995	11	 -1.2	  1.8	  8.1	7	 -4.3	-13.2	26	NA	 37.5	  9.7	23	NA	5.9	NA	 1.8
448	1995	12	 -4.1	 -0.8	 11.0	2	 -6.8	-21.5	27	NA	 30.2	 16.5	24	NA	4.4	NA	 2.7
448	1996	1	 -0.9	  2.0	  9.3	17	 -4.3	-11.7	1	NA	 18.4	  7.6	4	NA	5.4	NA	 2.3
448	1996	2	 -3.4	  0.6	 10.2	16	 -7.4	-17.0	27	NA	147.6	 27.3	18	NA	6.4	NA	 2.7
448	1996	3	  1.3	  5.4	  9.3	7	 -2.0	-11.6	24	NA	  4.3	  2.2	24	NA	4.3	NA	 3.6
448	1996	4	  1.7	  5.1	 11.3	10	 -0.8	 -9.8	6	NA	 47.8	 15.6	19	NA	6.4	NA	 2.7
448	1996	5	  5.5	 10.2	 16.5	11	  0.8	 -5.1	1	NA	 10.4	  2.8	6	NA	5.5	NA	 2.4
448	1996	6	  8.5	 12.9	 21.1	24	  4.8	 -3.0	3	NA	 59.2	 10.7	11	NA	6.2	NA	 1.9
448	1996	7	 10.9	 15.7	 23.6	17	  7.2	  2.6	28	NA	 27.7	  8.0	26	NA	6.1	NA	 2.3
448	1996	8	  9.1	 14.0	 19.6	8	  5.7	 -0.1	18	NA	 48.5	 18.1	6	NA	6.0	NA	 2.1
448	1996	9	 10.1	 14.0	 19.6	4	  7.3	  1.7	30	NA	 72.8	 27.0	25	NA	6.3	NA	 2.7
448	1996	10	  1.4	  4.5	 11.3	24	 -1.3	-13.0	13	NA	127.1	 28.9	21	NA	6.4	NA	 2.2
448	1996	11	 -6.4	 -2.9	  9.7	14	 -9.9	-17.3	23	NA	 87.0	 19.3	21	NA	5.3	NA	 1.7
448	1996	12	 -3.9	 -0.7	  7.4	29	 -7.2	-17.4	16	NA	 72.7	 29.5	1	NA	5.6	NA	 1.8
448	1997	1	 -2.8	  0.7	  8.3	29	 -6.2	-15.3	18	NA	 61.1	 19.2	17	NA	5.2	NA	 3.6
448	1997	2	 -3.9	 -0.8	  6.4	1	 -7.0	-16.7	26	NA	 85.8	 35.8	21	NA	6.3	NA	 2.4
448	1997	3	 -3.3	  0.1	  7.6	8	 -6.5	-18.7	16	NA	 60.2	 12.4	7	NA	6.3	NA	 2.6
448	1997	4	  1.6	  6.0	 14.0	14	 -2.6	-12.8	4	NA	 19.5	  5.6	7	NA	6.2	NA	 2.6
448	1997	5	  4.0	  8.2	 18.5	31	  0.3	 -6.6	5	NA	  9.9	  2.2	6	NA	5.9	NA	 2.6
448	1997	6	  7.3	 12.3	 23.9	3	  3.4	 -3.3	5	NA	 32.1	  7.0	15	NA	5.9	NA	 2.3
448	1997	7	 12.6	 17.5	 22.4	22	  8.7	  4.6	8	NA	 32.9	 10.2	15	NA	6.2	NA	 1.9
448	1997	8	  9.8	 14.8	 25.1	13	  6.4	 -0.2	10	NA	 48.9	  8.6	15	NA	5.6	NA	 2.3
448	1997	9	  6.1	 10.3	 19.3	23	  2.8	 -6.4	14	NA	 59.2	 10.6	5	NA	5.8	NA	 3.1
448	1997	10	  1.9	  4.6	 12.0	29	 -0.8	 -9.3	20	NA	 73.6	 21.6	7	NA	6.7	NA	 2.0
448	1997	11	  0.5	  2.4	  6.2	21	 -1.3	 -6.5	13	NA	 78.4	 24.5	4	NA	7.0	NA	 1.8
448	1997	12	 -1.3	  1.9	 13.1	15	 -4.6	-19.5	5	NA	 63.6	 34.5	31	NA	5.2	NA	 2.2
448	1998	1	 -2.3	  0.7	  7.3	26	 -5.5	-19.4	18	NA	115.2	 18.2	14	NA	6.2	NA	 2.8
448	1998	2	 -4.9	 -1.1	  7.7	17	 -8.9	-17.2	12	NA	102.4	 19.6	9	NA	5.7	NA	 2.3
448	1998	3	 -4.0	  0.1	 10.5	20	 -8.1	-25.1	7	NA	 73.1	 14.1	2	NA	5.6	NA	 3.7
448	1998	4	 -0.1	  4.0	 11.9	24	 -3.0	-11.6	9	NA	 28.2	  7.9	24	NA	6.0	NA	 1.7
448	1998	5	  6.3	 10.8	 19.5	26	  2.3	 -7.2	9	NA	 21.9	  8.3	6	NA	5.2	NA	 3.2
448	1998	6	  7.2	 12.1	 17.2	17	  2.9	 -2.5	3	NA	 13.0	  8.7	22	NA	5.7	NA	 2.2
448	1998	7	  8.4	 13.4	 21.2	2	  5.0	  0.3	10	NA	 47.7	 14.7	8	NA	6.6	NA	 2.3
448	1998	8	  9.9	 15.1	 19.5	30	  6.3	  0.0	22	NA	 40.7	 10.8	14	NA	6.0	NA	 2.1
448	1998	9	  4.9	  8.4	 17.8	3	  2.9	 -4.6	30	NA	 82.5	 23.1	19	NA	6.8	NA	 2.4
448	1998	10	 -0.2	  2.9	 16.6	6	 -2.4	-12.3	17	NA	171.8	 36.0	24	NA	6.7	NA	 2.5
448	1998	11	 -2.5	  0.8	  7.7	30	 -6.3	-17.9	6	NA	107.5	 16.2	21	NA	6.1	NA	 2.2
448	1998	12	 -1.9	  0.8	  6.3	8	 -4.7	-15.7	20	NA	121.7	 26.5	13	NA	7.0	NA	 2.4
448	1999	1	 -3.4	 -0.5	  9.4	31	 -7.1	-16.7	23	NA	139.1	 35.2	17	NA	6.6	NA	 3.3
448	1999	2	 -3.7	 -0.3	  8.7	1	 -6.8	-18.5	17	NA	 88.0	 26.4	21	NA	5.8	NA	 3.7
448	1999	3	 -5.5	 -1.7	  2.9	11	 -8.6	-18.1	20	NA	 86.4	 17.7	19	NA	6.4	NA	 1.9
448	1999	4	 -1.1	  3.5	 10.6	25	 -4.8	-13.1	18	NA	 59.4	 14.0	17	NA	5.1	NA	 1.9
448	1999	5	  4.9	  8.8	 13.9	16	  1.9	 -2.6	14	NA	 49.9	 25.2	25	NA	6.0	NA	 3.0
448	1999	6	  9.7	 14.2	 23.6	11	  5.3	  0.3	20	NA	 37.5	 14.3	15	NA	5.6	NA	 3.4
448	1999	7	 10.9	 15.9	 23.3	29	  6.5	  1.4	5	NA	 37.1	 14.1	14	NA	5.3	NA	 3.2
448	1999	8	 10.2	 14.8	 23.7	4	  6.9	  0.2	18	NA	 32.8	 13.9	15	NA	5.9	NA	 2.6
448	1999	9	  5.6	  9.3	 17.5	20	  2.6	 -6.1	28	NA	 95.5	 22.7	9	NA	6.4	NA	 1.8
448	1999	10	  2.4	  5.7	 16.2	15	 -0.5	 -8.6	9	NA	 93.1	 28.6	1	NA	5.9	NA	 2.4
448	1999	11	 -0.1	  3.9	 15.4	19	 -3.1	-10.9	17	NA	 84.1	 14.9	1	NA	6.4	NA	 2.7
448	1999	12	 -3.6	 -0.7	  6.5	20	 -6.9	-16.7	5	NA	 74.3	 15.5	12	NA	6.4	NA	 2.7
448	2000	1	 -0.9	  2.9	 13.7	17	 -4.4	-14.6	31	NA	 69.9	 15.9	29	NA	5.8	NA	 3.8
448	2000	2	 -3.9	 -0.3	  5.6	3	 -6.6	-15.3	13	NA	145.3	 38.1	28	NA	6.5	NA	 2.8
448	2000	3	 -1.7	  1.9	 12.8	28	 -5.2	-15.3	4	NA	 87.4	  9.2	24	NA	6.6	NA	 4.6
448	2000	4	 -1.2	  3.1	 11.0	30	 -5.6	-15.5	2	NA	 25.0	 13.9	15	NA	5.1	NA	 2.7
448	2000	5	  6.2	 11.1	 21.2	12	  2.6	 -5.8	20	NA	 19.9	  4.5	22	NA	5.8	NA	 3.9
448	2000	6	  9.0	 14.3	 25.3	30	  2.8	 -3.8	3	NA	 19.4	  8.1	17	NA	4.1	NA	 2.9
448	2000	7	 12.0	 17.8	 25.3	24	  8.0	  2.0	9	NA	 10.6	  3.5	4	NA	5.1	NA	 3.2
448	2000	8	 10.0	 15.6	 21.3	8	  5.9	 -0.6	6	NA	 51.4	 12.8	10	NA	5.8	NA	 2.2
448	2000	9	  6.3	 11.4	 17.5	3	  3.2	 -6.9	19	NA	 52.9	 18.6	18	NA	5.3	NA	 2.8
448	2000	10	  1.9	  4.8	 14.4	6	 -0.7	 -8.1	13	NA	 51.4	  8.8	18	NA	6.5	NA	 2.2
448	2000	11	 -1.5	  1.3	  4.9	27	 -3.8	-13.3	8	NA	188.6	 40.6	1	NA	7.5	NA	 2.5
448	2000	12	 -2.9	 -0.3	  5.5	20	 -5.3	-18.3	30	NA	 74.4	 14.7	14	NA	6.7	NA	 2.4
448	2001	1	 -0.1	  2.1	  8.9	14	 -2.7	-11.1	29	NA	 56.1	 27.7	1	NA	6.7	NA	 3.7
448	2001	2	 -2.5	  1.1	  8.2	18	 -5.5	-13.6	9	NA	 36.3	  7.2	2	NA	6.2	NA	 3.5
448	2001	3	 -4.7	 -0.9	  4.2	9	 -7.9	-15.4	24	NA	 78.0	 22.4	5	NA	6.1	NA	 2.6
448	2001	4	 -0.1	  4.4	 11.3	19	 -3.6	-16.4	11	NA	 37.4	 13.2	22	NA	5.9	NA	 2.3
448	2001	5	  5.7	 10.4	 18.9	10	  2.0	 -5.3	3	NA	 25.3	  5.7	29	NA	5.8	NA	 3.8
448	2001	6	  8.2	 13.6	 19.9	24	  2.8	 -3.1	13	NA	 38.1	 16.9	6	NA	4.8	NA	 2.9
448	2001	7	 10.0	 14.8	 20.0	7	  6.1	  0.2	13	NA	 47.9	 13.6	10	NA	6.1	NA	 2.1
448	2001	8	  8.7	 13.8	 18.3	19	  5.6	  0.5	28	NA	 50.7	 12.9	21	NA	6.3	NA	 1.5
448	2001	9	  6.8	 11.4	 16.8	4	  4.0	 -3.6	28	NA	 40.5	  6.6	30	NA	6.3	NA	 2.8
448	2001	10	  3.0	  6.0	 12.0	9	  0.5	 -9.3	31	NA	163.6	 47.2	7	NA	6.4	NA	 2.6
448	2001	11	 -0.8	  3.3	 12.6	9	 -4.4	-14.9	28	NA	 84.0	 19.8	27	NA	6.5	NA	 4.2
448	2001	12	  0.2	  3.7	 12.5	14	 -3.6	-15.6	30	NA	 63.1	 21.7	28	NA	6.1	NA	 3.4
448	2002	1	 -2.2	  1.2	 10.9	6	 -5.6	-21.6	25	NA	118.8	 17.8	14	NA	6.0	NA	 2.9
448	2002	2	 -6.8	 -3.3	  5.9	15	-10.3	-21.1	24	NA	140.0	 33.2	3	NA	6.5	NA	 2.6
448	2002	3	 -4.1	  0.2	  8.1	31	 -8.1	-17.3	20	NA	 51.1	 23.8	31	NA	5.8	NA	 2.0
448	2002	4	  2.2	  6.2	 13.7	20	 -0.8	 -7.3	27	NA	 65.6	 14.5	28	NA	6.4	NA	 3.2
448	2002	5	  4.8	  9.5	 18.7	18	  0.9	 -5.5	3	NA	 85.9	 11.3	1	NA	6.0	NA	 2.6
448	2002	6	  9.3	 14.3	 21.6	10	  5.1	 -0.7	22	NA	 53.7	 25.2	18	NA	5.8	NA	 2.5
448	2002	7	 10.1	 15.0	 19.9	19	  6.7	  1.4	5	NA	 36.2	 13.5	11	NA	6.6	NA	 2.5
448	2002	8	  9.2	 13.4	 20.4	1	  6.0	  0.0	18	NA	 56.8	 18.3	29	NA	6.7	NA	 2.1
448	2002	9	  7.9	 12.8	 20.5	13	  5.1	 -1.4	29	NA	 68.9	 21.1	6	NA	6.0	NA	 2.2
448	2002	10	  2.2	  5.6	 17.0	2	 -0.5	-15.1	28	NA	 78.6	 15.9	24	NA	6.0	NA	 2.6
448	2002	11	  1.9	  4.7	  9.3	29	 -0.4	-14.7	16	NA	126.8	 33.2	12	NA	6.9	NA	 2.5
448	2002	12	  1.0	  4.5	 12.2	5	 -1.6	-10.1	28	NA	 14.5	  5.4	1	NA	5.6	NA	 2.2
448	2003	1	 -2.8	  0.6	  7.3	10	 -6.0	-16.2	22	NA	 66.6	 11.8	17	NA	6.1	NA	 2.5
448	2003	2	  0.5	  3.9	 11.9	18	 -2.7	-14.9	5	NA	 66.3	 18.7	20	NA	6.2	NA	 4.1
448	2003	3	  1.6	  5.5	 12.3	24	 -1.2	-15.6	11	NA	 49.0	 20.0	6	NA	5.8	NA	 3.9
448	2003	4	  4.4	  8.8	 17.7	18	  1.3	 -7.5	2	NA	 15.5	  3.4	12	NA	6.7	NA	 3.1
448	2003	5	  4.3	  9.5	 19.8	16	 -0.2	 -8.7	5	NA	 30.7	  5.7	26	NA	5.2	NA	 2.3
448	2003	6	 10.3	 14.8	 21.6	28	  5.9	  2.7	9	NA	 40.1	 12.1	20	NA	5.9	NA	 2.4
448	2003	7	 11.0	 15.6	 23.3	17	  7.9	  4.2	11	NA	 65.8	 14.7	4	NA	6.4	NA	 1.9
448	2003	8	 11.7	 17.1	 22.4	25	  8.1	 -1.1	28	NA	 57.0	 21.4	21	NA	6.3	NA	 1.6
448	2003	9	  6.3	 10.6	 17.4	1	  2.8	 -5.6	26	NA	 52.3	 14.4	22	NA	5.5	NA	 3.3
448	2003	10	  1.2	  5.0	 15.3	26	 -1.6	 -9.3	11	NA	 63.7	 12.5	31	NA	6.1	NA	 2.0
448	2003	11	 -1.2	  2.2	 11.0	7	 -4.3	-11.1	4	NA	 80.6	 18.2	1	NA	5.5	NA	 1.6
448	2003	12	 -3.1	  0.8	  9.0	2	 -6.9	-18.6	29	NA	106.2	 14.4	9	NA	7.2	NA	 2.3
448	2004	1	 -4.1	 -0.8	  7.5	21	 -7.1	-16.6	16	NA	201.5	 47.2	14	NA	6.7	NA	 2.3
448	2004	2	 -1.3	  2.3	 13.3	18	 -4.6	-16.1	8	NA	 54.8	 14.2	4	NA	6.0	NA	 4.1
448	2004	3	  2.4	  5.8	 13.3	9	 -0.1	 -6.4	6	NA	 45.2	 11.7	17	NA	6.1	NA	 4.0
448	2004	4	  3.5	  7.6	 13.6	24	  0.1	 -5.8	7	NA	 34.4	  9.5	16	NA	6.7	NA	 2.8
448	2004	5	  5.5	 10.1	 20.0	26	  2.0	 -5.3	20	NA	 71.2	 15.8	3	NA	6.6	NA	 2.5
448	2004	6	  9.4	 14.3	 19.7	28	  4.5	 -1.9	18	NA	 24.1	 10.9	3	NA	5.8	NA	 2.7
448	2004	7	 11.6	 17.2	 24.4	9	  7.3	  0.0	4	NA	 25.1	 10.0	15	NA	5.5	NA	 2.6
448	2004	8	 10.8	 17.7	 27.5	13	  5.5	 -0.6	30	NA	 12.8	  4.7	29	NA	4.9	NA	 1.6
448	2004	9	  6.7	 11.1	 16.9	8	  3.6	 -3.8	15	NA	112.1	 27.7	21	NA	6.3	NA	 3.1
448	2004	10	  1.6	  4.9	 14.4	1	 -1.1	-14.0	28	NA	135.3	 23.0	4	NA	6.4	NA	 2.7
448	2004	11	 -1.7	  2.2	 14.2	6	 -5.4	-16.1	20	NA	 80.5	 23.0	9	NA	6.6	NA	 2.3
448	2004	12	 -3.4	  0.8	  6.7	12	 -6.6	-18.6	18	NA	 77.3	 26.4	25	NA	6.2	NA	 3.1
448	2005	1	 -1.9	  1.4	 10.5	28	 -5.5	-15.6	13	NA	 95.0	 31.6	4	NA	6.4	NA	 4.1
448	2005	2	 -1.1	  3.4	 11.6	21	 -4.0	-15.3	5	NA	 18.7	  6.1	4	NA	5.3	NA	 2.8
448	2005	3	  0.6	  4.9	 13.2	26	 -2.9	-13.3	15	NA	 55.7	 23.4	18	NA	5.7	NA	 2.6
448	2005	4	  1.5	  5.8	 13.5	20	 -1.7	-12.5	7	NA	 61.0	 16.4	3	NA	6.5	NA	 2.6
448	2005	5	  3.5	  8.4	 14.8	14	 -1.2	 -7.6	18	NA	 21.2	  6.8	21	NA	5.1	NA	 2.6
448	2005	6	  9.0	 13.9	 19.3	28	  4.9	 -2.7	5	NA	 37.3	 10.8	20	NA	6.0	NA	 3.1
448	2005	7	 11.7	 17.3	 22.9	14	  8.1	  1.7	27	NA	 58.4	 16.6	11	NA	5.6	NA	 2.8
448	2005	8	  7.9	 12.2	 19.8	8	  5.0	 -0.8	28	NA	101.4	 18.7	26	NA	7.0	NA	 2.2
448	2005	9	  3.0	  7.0	 13.4	10	 -0.0	 -3.9	8	NA	142.2	 33.8	27	NA	6.6	NA	 2.2
448	2005	10	 -0.6	  2.8	 10.4	15	 -3.6	-11.0	14	NA	111.1	 15.4	29	NA	6.7	NA	 1.9
448	2005	11	 -2.6	  0.8	  8.0	20	 -5.5	-13.8	4	NA	 68.2	 12.6	7	NA	6.0	NA	 2.1
448	2005	12	 -0.5	  2.8	  9.7	25	 -3.8	-11.7	16	NA	 34.3	 11.4	3	NA	6.0	NA	 3.4
448	2006	1	  0.1	  3.5	 11.2	4	 -3.0	-11.0	10	NA	 37.8	  7.3	20	NA	5.9	NA	 4.0
448	2006	2	  0.4	  4.2	 10.5	21	 -3.2	-15.6	9	NA	 42.4	 17.3	16	NA	6.3	NA	 3.0
448	2006	3	 -2.1	  1.4	 12.2	17	 -5.3	-14.7	22	NA	 75.9	 20.5	28	NA	6.6	NA	 2.2
448	2006	4	  0.6	  4.7	 14.4	28	 -3.3	-16.7	2	NA	 55.0	 11.2	1	NA	6.1	NA	 3.8
448	2006	5	  3.6	  8.3	 16.0	7	 -0.5	 -5.2	26	NA	108.8	 42.1	23	NA	5.4	NA	 2.4
448	2006	6	  9.9	 15.3	 19.7	26	  5.4	 -0.1	13	NA	 21.9	  6.9	13	NA	5.6	NA	 3.1
448	2006	7	 10.2	 16.2	 22.0	28	  6.3	 -0.6	10	NA	 26.0	  4.5	2	NA	5.8	NA	 2.7
448	2006	8	 10.4	 15.8	 22.9	3	  6.9	  1.9	16	NA	 74.8	 18.1	31	NA	5.8	NA	 1.7
448	2006	9	  7.0	 11.1	 16.6	14	  4.3	 -2.8	26	NA	 85.9	 32.4	2	NA	6.7	NA	 2.4
448	2006	10	  1.8	  5.2	 13.0	13	 -0.5	-12.1	31	NA	102.7	 22.8	26	NA	6.7	NA	 2.3
448	2006	11	 -2.8	  0.4	 10.2	5	 -6.1	-19.5	19	NA	129.5	 28.8	29	NA	6.9	NA	 2.8
448	2006	12	  0.5	  3.4	 11.0	24	 -2.1	-13.8	16	NA	 94.7	 18.5	8	NA	6.4	NA	 3.3
448	2007	1	 -3.1	 -0.3	  9.2	29	 -6.5	-18.2	16	NA	 40.4	 10.0	15	NA	6.7	NA	 2.4
448	2007	2	 -3.7	 -0.6	  7.5	2	 -6.0	-15.3	6	NA	 44.4	 10.3	16	NA	5.8	NA	 2.6
448	2007	3	  0.6	  3.7	 13.2	31	 -2.5	-12.1	20	NA	 92.0	 30.9	9	NA	6.3	NA	 4.2
448	2007	4	  3.5	  8.4	 21.5	29	 -0.4	-11.3	19	NA	 49.6	 17.4	21	NA	5.2	NA	 3.6
448	2007	5	  3.3	  7.4	 19.5	1	 -0.4	 -6.9	11	NA	 44.5	 13.5	25	NA	6.5	NA	 2.7
448	2007	6	 10.7	 16.3	 20.5	29	  5.5	 -0.3	24	NA	  3.2	  1.3	27	NA	5.5	NA	 2.4
448	2007	7	  9.8	 16.0	 20.9	20	  6.2	  1.2	29	NA	 29.0	  9.8	6	NA	5.6	NA	 2.6
448	2007	8	  8.7	 13.6	 20.3	8	  5.6	 -0.4	28	NA	 71.6	 15.0	1	NA	6.5	NA	 2.1
448	2007	9	  5.8	  9.2	 15.6	4	  2.9	 -4.6	15	NA	105.1	 46.0	13	NA	6.8	NA	 3.0
448	2007	10	  3.0	  6.5	 16.2	19	  0.1	 -9.6	17	NA	123.6	 25.3	31	NA	6.1	NA	 2.4
448	2007	11	 -0.3	  3.0	 10.4	15	 -4.2	-14.8	25	NA	 55.1	 21.0	18	NA	6.5	NA	 2.6
448	2007	12	 -0.9	  2.7	 11.1	20	 -5.0	-14.7	10	NA	 79.0	 23.0	3	NA	6.3	NA	 3.1
448	2008	1	 -3.5	 -0.1	 10.7	1	 -7.0	-14.9	13	NA	 63.9	 18.6	31	NA	6.2	NA	 2.3
448	2008	2	 -1.9	  1.3	  8.5	19	 -5.0	-13.0	1	NA	 78.0	 15.8	3	NA	6.4	NA	 3.7
448	2008	3	 -3.0	  0.3	  6.4	19	 -6.1	-15.3	4	NA	124.2	 22.9	21	NA	6.7	NA	 2.9
448	2008	4	 -0.2	  4.1	 10.9	24	 -4.1	 -9.8	14	NA	 36.8	 13.8	30	NA	5.4	NA	 2.0
448	2008	5	  7.2	 12.1	 19.2	25	  3.2	 -2.0	10	NA	 39.9	 11.8	10	NA	6.5	NA	 2.6
448	2008	6	  8.2	 13.0	 19.0	14	  3.7	 -1.0	23	NA	 32.5	 11.3	1	NA	5.7	NA	 3.0
448	2008	7	 11.7	 17.6	 25.4	30	  7.7	  0.9	19	NA	 46.3	 15.7	2	NA	4.7	NA	 2.3
448	2008	8	  9.7	 15.4	 22.6	1	  5.6	  0.6	12	NA	 41.6	 22.2	29	NA	5.6	NA	 2.2
448	2008	9	  7.8	 11.7	 17.4	17	  5.1	 -1.1	30	NA	 59.3	 14.2	27	NA	6.2	NA	 3.7
448	2008	10	 -0.6	  2.4	  8.8	8	 -3.7	-12.1	3	NA	165.0	 36.0	21	NA	6.6	NA	 2.7
448	2008	11	 -0.7	  2.8	 10.3	1	 -3.4	 -9.7	30	NA	 92.7	 34.8	28	NA	6.7	NA	 2.7
448	2008	12	 -2.3	  1.2	  9.8	10	 -5.6	-13.5	3	NA	 41.2	  6.7	21	NA	5.7	NA	 3.1
448	2009	1	 -1.3	  1.7	  8.8	7	 -4.3	-13.1	13	NA	132.0	 18.9	23	NA	6.9	NA	 2.5
448	2009	2	 -5.2	 -1.4	  8.4	17	 -8.1	-16.8	7	NA	 36.5	 12.0	21	NA	5.4	NA	 2.0
448	2009	3	 -2.0	  1.1	 10.6	19	 -4.9	-17.6	28	NA	110.7	 20.2	30	NA	7.0	NA	 3.8
448	2009	4	  2.2	  5.7	 12.6	29	 -0.6	 -6.6	12	NA	 62.4	 14.9	23	NA	6.6	NA	 2.6
448	2009	5	  6.1	 10.7	 17.2	14	  2.0	 -1.3	22	NA	 71.0	 23.7	9	NA	5.4	NA	 4.0
448	2009	6	  9.4	 14.6	 21.7	29	  5.0	 -1.8	20	NA	 23.0	 10.7	18	NA	6.0	NA	 2.4
448	2009	7	 10.2	 15.2	 24.6	1	  6.3	  0.7	25	NA	 30.2	 11.8	28	NA	5.5	NA	 2.0
448	2009	8	  9.0	 13.4	 19.6	7	  6.1	 -1.1	22	NA	 59.4	  9.5	5	NA	6.6	NA	 2.5
448	2009	9	  6.0	 10.5	 18.9	13	  2.8	 -6.3	28	NA	 61.8	 16.3	25	NA	5.8	NA	 2.7
448	2009	10	  1.3	  4.1	 15.2	14	 -1.4	 -9.8	4	NA	 66.3	 16.9	3	NA	6.7	NA	 3.3
448	2009	11	 -0.5	  2.0	  8.4	9	 -2.8	-10.5	29	NA	109.4	 12.5	26	NA	6.8	NA	 1.7
448	2009	12	 -2.3	  0.8	  9.7	12	 -5.1	-14.8	28	NA	159.6	 20.2	25	NA	6.0	NA	 2.5
448	2010	1	 -1.3	  1.6	 11.0	25	 -4.3	-14.3	1	NA	  9.6	  2.3	16	NA	5.4	NA	 3.4
448	2010	2	 -4.6	 -1.3	  7.0	13	 -7.2	-13.3	5	NA	120.9	 22.2	16	NA	6.0	NA	 2.3
448	2010	3	 -0.5	  2.6	  7.9	8	 -2.7	-12.8	1	NA	 61.1	 12.7	29	NA	6.8	NA	 3.6
448	2010	4	 -0.1	  3.9	 11.3	10	 -3.7	-11.8	23	NA	 60.9	 21.5	3	NA	5.5	NA	 3.4
448	2010	5	  5.5	 11.1	 17.4	22	  1.2	 -6.6	11	NA	 25.2	  9.1	15	NA	5.7	NA	 2.5
448	2010	6	 10.9	 17.1	 22.9	18	  5.7	 -0.2	3	NA	  3.9	  1.7	24	NA	5.1	NA	 2.8
448	2010	7	 10.6	 15.8	 23.3	25	  7.4	  3.3	20	NA	 87.7	 22.5	8	NA	6.1	NA	 2.1
448	2010	8	 10.1	 14.3	 19.9	9	  7.5	 -0.8	29	NA	 69.6	 15.0	22	NA	6.4	NA	 1.9
448	2010	9	  7.5	 12.2	 21.2	4	  4.2	 -3.8	23	NA	 38.0	 34.0	15	NA	5.8	NA	 2.3
448	2010	10	  2.7	  6.0	 12.6	1	 -0.3	-12.9	25	NA	 77.3	 15.1	28	NA	6.3	NA	 1.9
448	2010	11	 -3.0	 -0.2	  4.7	19	 -6.3	-12.7	10	NA	121.2	 28.8	13	NA	6.1	NA	 2.0
448	2010	12	 -3.1	  0.9	  8.5	10	 -6.7	-19.4	23	NA	 84.7	 26.9	18	NA	6.1	NA	 3.7
448	2011	1	 -1.0	  1.9	  9.8	22	 -4.5	-14.1	9	NA	139.8	 38.2	7	NA	7.0	NA	 5.3
448	2011	2	 -1.6	  1.6	  7.3	28	 -4.6	-11.5	5	NA	 57.7	 16.1	23	NA	5.8	NA	 3.5
448	2011	3	 -2.2	  0.9	  8.7	31	 -5.8	-16.6	10	NA	 73.4	 20.5	2	NA	6.4	NA	 4.2
448	2011	4	  4.2	  8.0	 14.5	9	  0.9	 -6.6	4	NA	  8.6	  2.8	21	NA	5.6	NA	 4.7
448	2011	5	  4.1	  8.8	 16.9	2	  0.8	 -4.1	25	NA	 78.7	 17.6	20	NA	6.6	NA	 2.7
448	2011	6	  5.8	  9.8	 15.4	11	  2.9	 -3.9	7	NA	 28.0	  5.0	9	NA	6.1	NA	 2.9
448	2011	7	 11.1	 16.6	 22.3	27	  6.7	 -0.6	10	NA	 10.0	  3.4	25	NA	5.9	NA	 2.1
448	2011	8	  8.7	 13.3	 17.9	11	  4.8	 -0.1	10	NA	 34.2	 11.6	15	NA	6.7	NA	 1.9
448	2011	9	  6.1	 10.8	 17.7	1	  3.5	 -4.4	10	NA	 78.9	 15.0	8	NA	6.3	NA	 2.5
448	2011	10	  1.9	  4.3	 12.8	13	 -0.7	 -6.7	19	NA	132.2	 20.8	6	NA	6.9	NA	 3.6
448	2011	11	  1.1	  4.0	 11.2	8	 -1.4	-14.0	30	NA	115.6	 22.1	29	NA	6.1	NA	 2.3
448	2011	12	 -5.6	 -2.4	  4.8	22	 -8.5	-18.6	6	NA	 76.4	 12.4	12	NA	6.6	NA	 2.4
448	2012	1	NA	NA	NA	NA	NA	NA	NA	NA	 98.4	 13.9	25	NA	NA	NA	NA
448	2012	2	NA	NA	NA	NA	NA	NA	NA	NA	 45.9	 10.4	24	NA	NA	NA	NA
448	2012	3	NA	NA	NA	NA	NA	NA	NA	NA	 47.9	 16.0	4	NA	NA	NA	NA
448	2012	4	NA	NA	NA	NA	NA	NA	NA	NA	 34.7	 13.2	10	NA	NA	NA	NA
448	2012	5	NA	NA	NA	NA	NA	NA	NA	NA	 34.1	 17.2	14	NA	NA	NA	NA
448	2012	6	NA	NA	NA	NA	NA	NA	NA	NA	 12.6	  3.1	17	NA	NA	NA	NA
448	2012	7	NA	NA	NA	NA	NA	NA	NA	NA	 37.7	 10.0	23	NA	NA	NA	NA
448	2012	8	NA	NA	NA	NA	NA	NA	NA	NA	 15.3	  3.9	30	NA	NA	NA	NA
448	2012	9	NA	NA	NA	NA	NA	NA	NA	NA	150.0	 39.0	10	NA	NA	NA	NA
448	2012	10	NA	NA	NA	NA	NA	NA	NA	NA	 40.0	 12.0	31	NA	NA	NA	NA
448	2012	11	NA	NA	NA	NA	NA	NA	NA	NA	169.9	 26.3	1	NA	NA	NA	NA
448	2012	12	NA	NA	NA	NA	NA	NA	NA	NA	101.9	 26.0	29	NA	NA	NA	NA
448	2013	1	NA	NA	NA	NA	NA	NA	NA	NA	111.6	 26.7	30	NA	NA	NA	NA
448	2013	2	NA	NA	NA	NA	NA	NA	NA	NA	 30.3	 10.3	5	NA	NA	NA	NA
448	2013	3	NA	NA	NA	NA	NA	NA	NA	NA	 78.5	 19.1	20	NA	NA	NA	NA
448	2013	4	NA	NA	NA	NA	NA	NA	NA	NA	 50.0	 10.3	29	NA	NA	NA	NA
448	2013	5	NA	NA	NA	NA	NA	NA	NA	NA	 63.8	 13.3	6	NA	NA	NA	NA
448	2013	6	NA	NA	NA	NA	NA	NA	NA	NA	 13.2	  4.2	21	NA	NA	NA	NA
448	2013	7	NA	NA	NA	NA	NA	NA	NA	NA	 39.5	  8.1	12	NA	NA	NA	NA
448	2013	8	NA	NA	NA	NA	NA	NA	NA	NA	 20.3	  4.5	10	NA	NA	NA	NA
448	2013	9	NA	NA	NA	NA	NA	NA	NA	NA	 93.7	 30.0	16	NA	NA	NA	NA
448	2013	10	NA	NA	NA	NA	NA	NA	NA	NA	141.3	 40.3	24	NA	NA	NA	NA
448	2013	11	NA	NA	NA	NA	NA	NA	NA	NA	 75.6	 11.0	14	NA	NA	NA	NA
448	2013	12	NA	NA	NA	NA	NA	NA	NA	NA	128.4	 20.2	25	NA	NA	NA	NA
448	2014	1	NA	NA	NA	NA	NA	NA	NA	NA	108.0	 12.0	16	NA	NA	NA	NA
448	2014	2	NA	NA	NA	NA	NA	NA	NA	NA	 89.0	 20.0	8	NA	NA	NA	NA
448	2014	3	NA	NA	NA	NA	NA	NA	NA	NA	164.6	 34.3	21	NA	NA	NA	NA
448	2014	4	NA	NA	NA	NA	NA	NA	NA	NA	 48.3	 26.5	7	NA	NA	NA	NA
448	2014	5	NA	NA	NA	NA	NA	NA	NA	NA	 20.9	  3.6	9	NA	NA	NA	NA
448	2014	6	NA	NA	NA	NA	NA	NA	NA	NA	 29.5	 10.5	22	NA	NA	NA	NA
448	2014	7	NA	NA	NA	NA	NA	NA	NA	NA	101.7	 28.0	5	NA	NA	NA	NA
448	2014	8	NA	NA	NA	NA	NA	NA	NA	NA	 38.2	 10.9	9	NA	NA	NA	NA
448	2014	9	NA	NA	NA	NA	NA	NA	NA	NA	 35.8	 12.0	27	NA	NA	NA	NA
448	2014	10	NA	NA	NA	NA	NA	NA	NA	NA	103.6	 20.6	21	NA	NA	NA	NA
448	2014	11	NA	NA	NA	NA	NA	NA	NA	NA	152.0	 36.0	1	NA	NA	NA	NA
448	2014	12	NA	NA	NA	NA	NA	NA	NA	NA	183.6	 30.0	20	NA	NA	NA	NA
448	2015	1	NA	NA	NA	NA	NA	NA	NA	NA	123.2	 16.7	29	NA	NA	NA	NA
448	2015	2	NA	NA	NA	NA	NA	NA	NA	NA	 78.0	 18.3	24	NA	NA	NA	NA
448	2015	3	NA	NA	NA	NA	NA	NA	NA	NA	 69.2	 12.1	16	NA	NA	NA	NA
448	2015	4	NA	NA	NA	NA	NA	NA	NA	NA	 78.0	 12.6	28	NA	NA	NA	NA
448	2015	5	NA	NA	NA	NA	NA	NA	NA	NA	 28.5	  3.4	17	NA	NA	NA	NA
448	2015	6	NA	NA	NA	NA	NA	NA	NA	NA	  9.3	  5.9	3	NA	NA	NA	NA
448	2015	7	NA	NA	NA	NA	NA	NA	NA	NA	 51.6	  9.5	15	NA	NA	NA	NA
448	2015	8	NA	NA	NA	NA	NA	NA	NA	NA	 95.3	 51.4	27	NA	NA	NA	NA
448	2015	9	NA	NA	NA	NA	NA	NA	NA	NA	 38.3	 15.9	29	NA	NA	NA	NA
448	2015	10	NA	NA	NA	NA	NA	NA	NA	NA	 52.2	  9.0	22	NA	NA	NA	NA
448	2015	11	NA	NA	NA	NA	NA	NA	NA	NA	 61.3	 11.1	30	NA	NA	NA	NA
448	2015	12	NA	NA	NA	NA	NA	NA	NA	NA	147.0	 41.6	6	NA	NA	NA	NA
448	2016	1	NA	NA	NA	NA	NA	NA	NA	NA	 72.7	 18.0	14	NA	NA	NA	NA
448	2016	2	NA	NA	NA	NA	NA	NA	NA	NA	 80.0	 19.3	5	NA	NA	NA	NA
448	2016	3	NA	NA	NA	NA	NA	NA	NA	NA	 24.6	  6.3	28	NA	NA	NA	NA
448	2016	4	NA	NA	NA	NA	NA	NA	NA	NA	 85.0	 30.0	2	NA	NA	NA	NA
448	2016	5	NA	NA	NA	NA	NA	NA	NA	NA	 18.1	  4.5	3	NA	NA	NA	NA
448	2016	6	NA	NA	NA	NA	NA	NA	NA	NA	 27.2	  9.0	27	NA	NA	NA	NA
448	2016	7	NA	NA	NA	NA	NA	NA	NA	NA	 31.2	  9.8	21	NA	NA	NA	NA
448	2016	8	NA	NA	NA	NA	NA	NA	NA	NA	 41.3	  8.7	12	NA	NA	NA	NA
448	2016	9	NA	NA	NA	NA	NA	NA	NA	NA	 76.8	 15.1	25	NA	NA	NA	NA
448	2016	10	NA	NA	NA	NA	NA	NA	NA	NA	 10.5	  4.2	30	NA	NA	NA	NA
448	2016	11	NA	NA	NA	NA	NA	NA	NA	NA	100.5	 20.0	17	NA	NA	NA	NA
448	2016	12	NA	NA	NA	NA	NA	NA	NA	NA	 90.4	 20.0	26	NA	NA	NA	NA
448	2017	1	NA	NA	NA	NA	NA	NA	NA	NA	 67.8	 11.0	12	NA	NA	NA	NA
448	2017	2	NA	NA	NA	NA	NA	NA	NA	NA	 81.6	 13.0	2	NA	NA	NA	NA
448	2017	3	NA	NA	NA	NA	NA	NA	NA	NA	 36.0	  6.0	19	NA	NA	NA	NA
448	2017	4	NA	NA	NA	NA	NA	NA	NA	NA	 44.6	  8.8	12	NA	NA	NA	NA
448	2017	5	NA	NA	NA	NA	NA	NA	NA	NA	181.3	 47.5	15	NA	NA	NA	NA
448	2017	6	NA	NA	NA	NA	NA	NA	NA	NA	 71.0	 24.8	2	NA	NA	NA	NA
448	2017	7	NA	NA	NA	NA	NA	NA	NA	NA	 20.6	  5.2	29	NA	NA	NA	NA
448	2017	8	NA	NA	NA	NA	NA	NA	NA	NA	 35.8	 10.4	7	NA	NA	NA	NA
448	2017	9	NA	NA	NA	NA	NA	NA	NA	NA	 79.6	 16.5	28	NA	NA	NA	NA
448	2017	10	NA	NA	NA	NA	NA	NA	NA	NA	 63.4	 16.0	12	NA	NA	NA	NA
448	2017	11	NA	NA	NA	NA	NA	NA	NA	NA	 96.2	 13.3	24	NA	NA	NA	NA
448	2017	12	NA	NA	NA	NA	NA	NA	NA	NA	107.4	 45.8	13	NA	NA	NA	NA
448	2018	1	NA	NA	NA	NA	NA	NA	NA	NA	 82.4	 20.7	24	NA	NA	NA	NA
448	2018	2	NA	NA	NA	NA	NA	NA	NA	NA	 46.6	 11.2	11	NA	NA	NA	NA
448	2018	3	NA	NA	NA	NA	NA	NA	NA	NA	 72.9	 10.8	5	NA	NA	NA	NA
448	2018	4	NA	NA	NA	NA	NA	NA	NA	NA	 37.8	 10.4	4	NA	NA	NA	NA
448	2018	5	NA	NA	NA	NA	NA	NA	NA	NA	 54.4	 12.7	22	NA	NA	NA	NA
448	2018	6	NA	NA	NA	NA	NA	NA	NA	NA	 32.8	  7.7	11	NA	NA	NA	NA
448	2018	7	NA	NA	NA	NA	NA	NA	NA	NA	 89.5	 19.1	2	NA	NA	NA	NA
448	2018	8	NA	NA	NA	NA	NA	NA	NA	NA	 69.0	 17.4	28	NA	NA	NA	NA
448	2018	9	NA	NA	NA	NA	NA	NA	NA	NA	 76.4	 12.5	16	NA	NA	NA	NA
448	2018	10	NA	NA	NA	NA	NA	NA	NA	NA	102.2	 37.2	4	NA	NA	NA	NA
448	2018	11	NA	NA	NA	NA	NA	NA	NA	NA	170.6	 35.6	13	NA	NA	NA	NA
448	2018	12	NA	NA	NA	NA	NA	NA	NA	NA	 84.8	 23.8	7	NA	NA	NA	NA
