Mánaðarmeðaltöl fyrir stöð 422 - Akureyri
stöð	 ár	mán	  t	  tx	  txx	txxD1	  tn	 tnn	tnnD1	 rh	 r	 rx	rxD1	 p	 n	sun	 f
422	1949	1	 -3.3	  0.3	 12.0	9	 -7.0	-16.4	12	 84.0	 35.2	  5.2	6	 996.1	6.3	 8.9	 4.4
422	1949	2	  0.0	  3.1	 10.0	2	 -2.5	 -8.0	28	 81.0	 22.2	  5.8	20	 989.8	5.9	27.7	 3.5
422	1949	3	 -0.8	  2.5	 11.2	28	 -4.2	-15.2	14	 83.0	 19.4	  7.0	16	1011.0	6.1	102.5	 3.2
422	1949	4	 -1.6	  2.1	  7.0	14	 -4.5	-10.7	8	 86.0	 21.5	  4.0	18	1002.1	6.6	64.4	 2.9
422	1949	5	  1.9	  5.4	 17.0	9	 -0.7	 -6.6	8	 83.0	 44.5	 23.6	28	1017.1	6.8	NA	 4.0
422	1949	6	 10.1	 14.4	 23.0	21	  6.2	  0.5	8	 78.0	 17.7	  6.5	13	1017.2	5.7	179.9	 2.0
422	1949	7	 11.8	 16.0	 23.5	7	  8.8	  4.0	5	 79.0	 22.0	 10.7	23	1013.4	6.0	191.6	 1.9
422	1949	8	  9.4	 13.0	 18.5	27	  6.7	  1.8	17	 79.0	 19.5	  8.0	29	1010.0	6.7	113.8	 2.6
422	1949	9	  9.3	 13.3	 21.4	12	  6.5	 -0.5	30	 76.0	 33.6	 10.9	1	1009.3	6.2	70.9	 2.9
422	1949	10	  2.9	  6.3	 12.6	12	  0.2	 -6.5	25	 85.0	 26.0	  5.0	20	1004.5	6.4	NA	 2.1
422	1949	11	  1.4	  4.2	 11.2	28	 -1.6	-13.0	14	 83.0	 37.1	 17.2	23	 999.4	6.6	NA	 3.0
422	1949	12	 -3.0	 -0.3	  6.5	24	 -6.9	-18.1	21	 87.0	 94.8	 23.1	27	 998.8	6.1	NA	 2.9
422	1950	1	  1.7	  5.0	 10.5	19	 -1.9	 -8.1	7	 80.0	 29.1	  8.9	14	1001.5	6.0	NA	 3.8
422	1950	2	 -2.3	  1.1	  6.2	4	 -5.5	-16.0	24	 80.0	 52.7	 10.7	14	 996.3	6.4	NA	 3.6
422	1950	3	 -0.1	  3.6	 10.0	28	 -3.5	-13.4	19	 83.0	 46.7	 21.6	17	1006.5	5.8	NA	 3.2
422	1950	4	 -0.2	  3.0	  6.5	14	 -3.0	 -7.0	22	 90.0	 29.8	  9.9	11	1005.6	6.5	NA	 3.8
422	1950	5	  6.8	 11.1	 17.5	10	  3.0	 -2.5	3	 72.0	 11.6	  5.2	16	1019.9	5.3	72.0	 3.6
422	1950	6	  8.7	 12.4	 20.6	14	  5.7	  2.5	29	 79.0	  4.5	  1.7	20	1009.6	5.8	151.6	 4.3
422	1950	7	 11.2	 15.2	 20.8	16	  8.0	  5.0	8	 78.0	 42.0	 10.5	26	1009.7	6.5	124.2	 3.0
422	1950	8	 10.6	 14.2	 19.2	1	  8.3	  5.4	9	 86.0	130.2	 52.0	25	1005.0	7.1	66.0	 3.0
422	1950	9	  6.2	  9.4	 14.5	1	  3.8	 -0.9	25	 82.0	 82.0	 23.0	15	 999.6	7.0	NA	 3.3
422	1950	10	  3.2	  6.1	 12.5	24	  1.0	 -4.4	12	 88.0	 66.6	 24.5	5	1002.5	6.8	NA	 3.3
422	1950	11	 -0.7	  2.9	 12.4	6	 -4.5	-12.4	17	 90.0	 30.9	  4.1	11	1004.8	5.8	NA	 3.0
422	1950	12	 -4.2	 -0.4	  7.0	17	 -7.7	-17.0	13	 87.0	 76.6	 16.9	1	1010.4	6.2	NA	 3.6
422	1951	1	 -3.5	  1.0	  8.5	24	 -7.7	-17.4	4	 89.0	 73.6	 15.8	14	 998.6	5.9	NA	 3.4
422	1951	2	 -0.9	  3.1	 10.0	28	 -4.4	-14.5	24	 86.0	 47.1	 13.9	21	 998.9	6.6	NA	 4.1
422	1951	3	 -4.9	 -0.7	 10.5	1	 -8.2	-17.2	10	 85.0	104.1	 19.8	6	1016.4	6.4	NA	 3.5
422	1951	4	 -1.9	  2.2	 12.5	30	 -5.3	-16.0	20	 83.0	 38.5	 10.8	17	1016.1	6.6	NA	 3.6
422	1951	5	  7.5	 12.5	 19.0	25	  3.5	 -2.5	8	 74.0	  9.1	  3.7	12	1019.6	5.4	NA	 3.2
422	1951	6	  8.0	 11.9	 18.8	30	  4.6	 -0.5	12	 79.0	 20.0	 11.4	12	1017.0	5.1	NA	 3.3
422	1951	7	 10.5	 14.1	 18.0	13	  7.6	  2.2	25	 76.0	 27.9	  8.1	22	1008.7	6.4	173.2	 3.6
422	1951	8	  9.4	 12.7	 16.5	15	  6.7	  0.6	12	 85.0	 53.1	 22.4	29	1006.8	6.7	76.1	 3.2
422	1951	9	  7.4	 11.1	 17.6	21	  4.9	 -0.9	7	 87.0	 65.8	 10.7	15	1005.9	6.7	62.1	 3.1
422	1951	10	  4.4	  8.7	 17.0	1	  1.1	-10.0	24	 81.0	 33.0	 10.6	21	1001.3	6.2	62.5	 3.4
422	1951	11	 -0.5	  2.1	  6.7	13	 -3.2	-14.0	25	 85.0	 23.3	  8.3	11	1007.0	6.5	 8.7	 1.8
422	1951	12	 -1.4	  2.7	 11.1	12	 -5.0	-17.2	6	 83.0	 95.7	 27.5	5	 988.0	6.2	 0.5	 4.0
422	1952	1	 -2.9	  0.2	  8.5	20	 -6.9	-17.2	28	 86.0	 81.3	 14.9	17	 997.6	6.9	 0.8	 5.4
422	1952	2	 -1.2	  3.2	  9.9	18	 -4.1	-11.4	4	 84.0	 50.1	 11.9	1	1009.4	6.3	31.3	 3.5
422	1952	3	 -0.6	  2.7	  8.4	17	 -3.4	 -9.6	1	 83.0	 29.4	  7.3	22	1011.5	6.2	85.2	 2.8
422	1952	4	  0.9	  4.3	 12.2	26	 -2.4	-10.4	6	 86.0	 65.4	 10.0	11	1003.4	6.4	98.1	 2.9
422	1952	5	  5.0	  8.8	 17.3	18	  2.2	 -3.4	5	 75.0	 20.0	  2.8	12	1019.1	6.5	136.9	 4.5
422	1952	6	  5.9	  9.1	 13.6	11	  3.5	 -1.5	3	 80.0	 23.7	  6.4	29	1011.8	6.6	137.7	 4.5
422	1952	7	 10.2	 13.8	 22.6	23	  6.9	  3.2	22	 77.0	 41.7	 11.8	30	1010.9	6.4	153.4	 3.9
422	1952	8	  8.8	 12.5	 17.9	17	  5.8	 -0.5	28	 79.0	 45.5	 14.0	31	1010.8	5.9	148.8	 2.9
422	1952	9	  6.8	 10.9	 20.7	10	  3.4	 -3.7	17	 79.0	 47.6	 17.4	2	1014.5	5.4	112.3	 3.8
422	1952	10	  5.2	  8.3	 13.2	19	  2.2	 -3.8	10	 78.0	 88.2	 16.6	28	1003.5	6.2	41.0	 4.2
422	1952	11	  1.4	  4.6	 11.7	18	 -1.8	 -9.5	23	 82.0	  3.0	  1.7	9	1013.0	5.8	14.6	 2.9
422	1952	12	 -0.5	  3.0	 12.1	1	 -3.9	-14.0	15	 83.0	 71.8	 16.1	12	1008.7	6.3	 0.4	 4.1
422	1953	1	 -0.3	  3.4	 10.5	19	 -4.0	-13.0	30	 80.0	 32.4	  6.6	13	1002.8	5.9	 6.9	 3.6
422	1953	2	  0.8	  3.6	  9.3	27	 -2.6	-12.5	1	 80.0	 48.1	  8.0	10	1004.5	6.3	27.6	 4.2
422	1953	3	  2.0	  5.4	 14.5	11	 -1.1	 -9.5	26	 76.0	142.8	 26.4	29	1008.1	6.7	50.0	 5.1
422	1953	4	 -2.1	  0.9	 10.5	19	 -5.3	-12.4	2	 87.0	 86.4	 14.0	3	1016.0	6.8	78.2	 5.1
422	1953	5	  6.4	 10.5	 18.6	6	  2.5	 -3.0	2	 73.0	  6.9	  4.5	29	1016.8	5.5	191.0	 2.8
422	1953	6	 11.7	 15.8	 22.0	24	  8.1	 -0.2	2	 72.0	 15.5	  4.3	20	1011.0	5.4	212.4	 3.1
422	1953	7	 10.8	 13.9	 20.0	16	  8.2	  2.6	9	 82.0	 51.5	 12.4	25	1009.1	6.5	133.2	 2.5
422	1953	8	 10.7	 14.4	 19.6	4	  7.8	  2.6	27	 82.0	 30.4	  7.6	17	1005.8	6.3	119.0	 2.5
422	1953	9	  9.2	 13.4	 18.5	15	  5.8	 -0.5	12	 78.0	 26.3	  6.8	5	1003.9	6.5	76.6	 2.6
422	1953	10	  3.9	  7.2	 16.2	7	  0.8	 -8.0	14	 77.0	 91.4	 19.9	12	 997.6	6.1	57.0	 4.3
422	1953	11	  0.4	  4.2	 11.5	21	 -2.6	-12.9	14	 84.0	 74.0	 15.6	12	 991.7	6.0	 8.6	 3.0
422	1953	12	  2.8	  6.6	 13.4	16	 -1.0	-12.0	4	 75.0	 42.9	 11.2	12	 994.0	5.7	 0.0	 5.3
422	1954	1	  1.6	  5.4	 13.6	3	 -2.4	-15.0	20	 78.0	 43.5	 13.8	16	1006.4	5.5	 7.5	 3.9
422	1954	2	 -0.4	  2.9	  9.0	3	 -3.5	-10.0	28	 80.0	 17.7	  6.5	26	 999.5	6.0	21.3	 4.9
422	1954	3	 -0.5	  3.0	 10.5	29	 -3.7	-12.6	23	 83.0	 62.9	 23.7	6	1004.1	6.3	62.6	 3.9
422	1954	4	  4.2	  8.9	 15.6	26	  0.9	 -5.4	20	 74.0	 20.5	  5.1	9	1012.5	5.7	117.8	 3.8
422	1954	5	  6.9	 10.8	 18.6	30	  3.7	 -3.5	1	 78.0	 20.8	  9.2	29	1019.0	6.2	149.9	 3.4
422	1954	6	  8.6	 12.6	 18.5	4	  5.9	  0.8	11	 79.0	 24.1	 10.9	23	1010.8	5.9	177.2	 4.2
422	1954	7	  9.4	 12.6	 16.8	19	  6.9	  2.2	1	 82.0	 27.7	  5.8	31	1006.1	7.1	70.2	 3.8
422	1954	8	 10.1	 13.7	 20.5	19	  7.0	  2.1	29	 87.0	 33.4	  8.3	10	1010.6	6.3	102.1	 3.0
422	1954	9	  4.1	  6.5	 12.2	7	  1.8	 -8.4	27	 82.0	 77.4	 14.1	14	1005.1	6.5	53.0	 2.9
422	1954	10	  2.1	  4.8	 11.0	8	 -0.7	-10.5	1	 86.0	 52.7	 12.7	28	 998.5	5.8	53.3	 3.4
422	1954	11	  2.1	  4.4	 10.5	19	 -0.9	 -6.8	12	 84.0	 60.8	 16.1	29	 992.5	6.2	16.1	 4.4
422	1954	12	 -2.2	  0.6	  6.5	16	 -5.6	-16.0	9	 86.0	 47.9	  8.6	2	 994.3	5.5	 0.0	 3.0
422	1955	1	 -3.5	 -0.7	 11.3	3	 -7.0	-20.3	13	 81.0	 44.3	 10.3	16	1007.0	6.3	 5.5	 3.6
422	1955	2	 -5.8	 -2.0	  6.5	13	-10.4	-19.8	10	 83.0	 25.6	  8.5	28	1014.5	4.1	76.7	 3.1
422	1955	3	 -0.7	  3.0	 10.0	5	 -4.2	-12.5	24	 78.0	 25.3	  6.5	22	1018.2	5.3	83.3	 3.6
422	1955	4	  4.6	  8.8	 14.0	17	  1.0	 -6.5	20	 77.0	 17.1	  5.4	9	1008.2	6.1	98.2	 3.6
422	1955	5	  4.9	  8.9	 21.6	27	  1.1	 -6.4	17	 75.0	 17.8	  5.1	13	1015.3	5.2	204.3	 4.0
422	1955	6	  9.7	 13.7	 22.8	3	  6.1	  2.4	16	 75.0	 27.5	 12.8	29	1011.8	5.8	155.8	 3.2
422	1955	7	 13.2	 17.1	 24.4	25	  9.4	  5.5	3	 67.0	 21.3	  6.9	22	1007.1	5.8	189.4	 4.6
422	1955	8	 12.1	 16.3	 21.2	7	  8.7	  3.7	1	 70.0	 35.8	 13.2	19	1004.8	5.9	150.7	 4.5
422	1955	9	  7.5	 10.8	 16.3	9	  4.4	  0.6	22	 76.0	 41.9	  9.0	21	 998.8	6.2	75.9	 3.2
422	1955	10	  1.3	  4.5	 12.0	22	 -2.1	 -7.8	20	 81.0	 32.9	  8.0	18	1011.1	4.9	84.4	 2.8
422	1955	11	  2.4	  5.3	 14.6	20	 -0.8	-13.0	29	 82.0	 32.7	  3.9	6	1012.8	6.8	 3.8	 4.1
422	1955	12	 -4.1	 -1.6	  3.0	13	 -7.6	-14.4	21	 83.0	 73.7	 14.6	24	1003.9	6.2	 0.0	 3.4
422	1956	1	 -3.8	 -0.8	 11.6	2	 -8.0	-18.0	23	 80.0	 97.0	 13.2	11	1005.0	6.5	 3.3	 4.9
422	1956	2	  2.7	  5.6	 10.2	9	 -0.2	 -6.5	18	 78.0	 11.5	  3.2	1	1016.4	6.0	18.6	 3.5
422	1956	3	  3.0	  6.5	 14.0	28	 -0.5	-11.5	6	 72.0	  9.2	  3.0	10	1005.2	5.5	54.3	 3.8
422	1956	4	  1.8	  4.7	 12.8	1	 -0.8	-10.0	10	 83.0	 48.2	 13.2	8	1015.0	6.9	49.1	 3.6
422	1956	5	  6.0	  9.7	 20.0	26	  2.9	 -2.5	16	 75.0	 33.3	  8.2	14	1003.4	6.3	135.0	 4.4
422	1956	6	  7.8	 11.3	 18.8	16	  4.5	  0.0	3	 72.0	 20.0	  7.4	12	1013.8	5.6	170.3	 3.9
422	1956	7	  9.9	 13.0	 18.0	12	  7.3	  3.0	30	 80.0	 23.5	  6.1	25	1012.1	6.8	97.3	 3.7
422	1956	8	  8.0	 11.4	 16.6	31	  5.0	 -2.2	28	 81.0	 26.0	 11.7	13	1014.2	5.9	127.0	 3.2
422	1956	9	  8.1	 11.8	 19.4	17	  5.2	  0.0	12	 79.0	 55.5	 16.0	29	1008.8	6.5	73.1	 3.3
422	1956	10	  4.0	  7.5	 15.6	31	  0.8	 -5.0	5	 78.0	 41.0	 18.6	27	1001.4	6.1	41.6	 4.8
422	1956	11	  4.8	  8.4	 14.2	2	  1.8	 -8.6	27	 73.0	 17.9	  3.2	28	 998.2	6.0	12.3	 4.8
422	1956	12	  1.0	  4.1	 10.5	21	 -2.3	-10.2	19	 80.0	 48.1	 13.0	13	 995.4	6.0	 0.6	 4.0
422	1957	1	  0.8	  3.9	 10.8	17	 -3.1	-10.4	23	 81.0	 39.7	  8.2	11	 989.6	5.7	 3.7	 4.9
422	1957	2	 -3.4	 -1.2	  1.8	2	 -6.6	-12.7	25	 92.0	 66.7	  8.9	15	1007.1	7.0	10.6	 3.6
422	1957	3	 -1.5	  1.7	  9.5	29	 -4.6	-14.5	15	 87.0	 56.6	 11.9	21	1007.9	6.4	75.3	 3.3
422	1957	4	  4.5	  9.0	 14.8	30	  0.6	 -4.3	11	 69.0	 21.4	  8.5	4	1011.5	5.2	162.8	 3.7
422	1957	5	  6.1	  9.8	 16.4	29	  3.1	 -4.2	5	 71.0	 18.0	  6.8	25	1019.3	6.7	103.3	 3.8
422	1957	6	  8.9	 13.4	 18.5	6	  4.7	 -1.1	3	 71.0	 10.8	  4.9	30	1018.3	4.9	220.4	 3.7
422	1957	7	 10.7	 14.3	 20.5	24	  7.1	  2.4	28	 79.0	 18.4	  5.7	1	1015.5	5.5	208.1	 3.1
422	1957	8	 10.7	 14.5	 24.3	3	  7.2	  2.4	30	 80.0	 28.3	 11.8	17	1008.8	6.0	127.1	 2.6
422	1957	9	  6.0	  9.3	 15.2	3	  3.1	 -2.5	17	 81.0	 43.5	 10.8	12	1013.5	6.4	69.1	 3.2
422	1957	10	  2.9	  6.2	 13.3	1	  0.0	 -7.3	29	 83.0	 78.1	 19.4	21	 992.0	5.6	54.0	 3.0
422	1957	11	  2.0	  4.8	 10.6	30	 -1.2	-10.5	7	 86.0	 55.2	 14.0	24	1010.8	5.6	22.8	 3.6
422	1957	12	 -1.7	  1.5	  7.7	3	 -4.8	-11.5	22	 89.0	 53.0	 11.0	25	 998.1	6.3	 0.4	 3.6
422	1958	1	 -3.6	 -0.6	  9.0	13	 -7.2	-18.2	25	 89.0	100.4	 13.1	1	 999.6	5.9	 6.7	 4.5
422	1958	2	 -5.5	 -2.3	  6.8	26	 -9.3	-16.2	9	 89.0	 60.7	 11.5	10	1011.9	5.6	39.3	 2.8
422	1958	3	 -2.7	  0.7	  6.6	30	 -5.5	-12.8	13	 89.0	 19.5	  5.1	6	1017.8	5.4	88.3	 3.0
422	1958	4	  3.1	  6.6	  9.6	22	  0.5	 -4.5	5	 85.0	 27.6	  9.2	24	1007.8	5.8	121.4	 2.8
422	1958	5	  3.0	  6.5	 12.6	2	 -0.5	 -5.1	6	 75.0	 10.6	  4.0	6	1019.7	5.4	182.1	 2.8
422	1958	6	  9.2	 12.9	 18.2	30	  6.1	  1.4	10	 77.0	  8.8	  4.0	30	1017.2	5.3	180.5	 2.9
422	1958	7	 10.0	 13.5	 21.0	17	  7.1	  3.3	11	 81.0	 35.6	 23.9	26	1014.8	5.3	231.4	 3.4
422	1958	8	  7.8	  9.9	 17.0	31	  6.3	  3.8	1	 87.0	 31.4	  5.5	28	1009.8	7.4	53.3	 3.8
422	1958	9	 10.6	 14.9	 21.7	5	  7.4	  1.2	21	 79.0	  0.4	  0.4	28	1008.1	5.9	40.2	 2.6
422	1958	10	  4.9	  7.9	 13.6	23	  2.5	 -5.3	31	 84.0	 94.1	 19.5	10	1000.2	6.8	10.8	 2.9
422	1958	11	  3.3	  6.4	 13.2	10	  0.1	 -5.7	16	 84.0	 46.5	 12.0	15	1001.7	6.1	 0.0	 3.0
422	1958	12	 -1.2	  1.5	 12.0	2	 -4.4	-12.1	19	 87.0	 69.0	 13.4	11	1005.6	7.1	 0.0	 2.4
422	1959	1	 -5.7	 -2.6	  9.8	31	 -9.5	-18.6	14	 86.0	 28.1	  5.8	22	1018.2	6.0	 8.5	 2.9
422	1959	2	  1.8	  5.7	 12.1	3	 -1.8	-14.6	21	 79.0	 63.6	 12.8	8	 998.0	6.7	16.8	 5.0
422	1959	3	  2.8	  6.3	 12.0	22	 -0.0	-14.6	7	 78.0	 30.0	  7.2	2	 995.7	5.4	96.0	 3.6
422	1959	4	  0.3	  3.5	 10.8	20	 -2.1	 -8.3	7	 85.0	 21.7	  6.1	6	1009.6	6.5	84.1	 3.7
422	1959	5	  7.7	 12.4	 20.0	26	  3.9	 -7.4	5	 73.0	  5.3	  3.8	4	1016.7	5.6	195.4	 3.6
422	1959	6	  8.6	 13.1	 20.6	23	  5.5	 -0.1	5	 75.0	 60.8	 13.7	17	1008.9	6.6	153.3	 4.1
422	1959	7	 11.1	 14.7	 21.8	26	  8.3	  4.5	13	 81.0	 18.2	  9.4	16	1007.9	6.3	148.6	 2.6
422	1959	8	  9.4	 12.4	 18.5	10	  6.8	  2.4	12	 79.0	 63.4	 10.6	15	1007.8	6.9	64.9	 3.3
422	1959	9	  9.3	 13.6	 20.0	16	  5.9	 -1.9	12	 75.0	 25.8	  6.9	25	1005.7	6.2	93.4	 3.5
422	1959	10	  6.8	 10.4	 16.7	6	  3.5	 -4.6	28	 80.0	 38.0	 12.8	14	 999.0	6.0	51.0	 3.5
422	1959	11	 -0.1	  2.3	 12.2	5	 -2.1	-14.8	14	 86.0	 97.0	 16.2	26	1003.2	6.5	 7.6	 3.6
422	1959	12	 -1.2	  1.7	  8.7	8	 -3.9	-15.1	20	 88.0	 42.5	 17.3	14	 992.7	5.9	 0.7	 3.0
422	1960	1	 -0.6	  2.2	  8.6	9	 -3.8	-14.8	21	 87.0	 18.1	  5.5	18	1012.0	5.9	10.2	 3.1
422	1960	2	 -2.4	  0.2	 11.6	7	 -5.0	-15.0	17	 88.0	 55.8	  6.5	29	1013.6	6.7	23.1	 4.7
422	1960	3	  0.4	  4.1	  9.0	25	 -3.1	-17.6	4	 85.0	 49.0	 12.6	6	1010.2	5.1	121.4	 2.4
422	1960	4	  3.2	  7.2	 11.7	24	  0.1	 -5.2	30	 79.0	 35.1	  8.8	18	1005.8	5.7	115.4	 3.2
422	1960	5	  7.8	 12.6	 19.0	14	  3.9	 -2.8	1	 75.0	 20.7	  7.5	21	1014.1	5.8	178.9	 2.8
422	1960	6	 10.9	 14.8	 21.0	20	  7.9	  2.1	15	 75.0	 13.4	  3.4	6	1012.4	6.4	143.1	 3.2
422	1960	7	 10.5	 13.9	 22.2	3	  8.2	  5.0	27	 82.0	 71.5	 19.3	27	1009.3	6.9	114.2	 3.3
422	1960	8	  9.5	 12.8	 20.4	26	  6.4	  1.7	24	 81.0	  4.7	  2.0	16	1017.8	6.1	141.0	 3.1
422	1960	9	  8.2	 12.7	 16.2	10	  4.9	 -1.9	25	 77.0	 15.4	  4.7	6	1005.9	5.6	110.9	 3.3
422	1960	10	  2.0	  5.9	 12.8	15	 -1.2	 -8.5	26	 84.0	 13.4	  4.5	16	1016.3	4.4	99.9	 2.1
422	1960	11	  2.5	  4.5	 10.5	8	  0.2	-10.6	27	 82.0	 43.6	 10.2	12	1003.6	6.9	 9.7	 3.0
422	1960	12	 -0.6	  2.0	  9.5	13	 -3.9	-14.2	24	 80.0	104.2	 33.0	28	 996.2	6.3	 0.5	 4.2
422	1961	1	  0.0	  2.9	 10.4	15	 -2.6	-13.0	8	 79.0	 43.9	 10.7	29	1001.1	5.3	 7.5	 4.0
422	1961	2	 -0.8	  2.2	 11.4	23	 -4.0	-15.9	5	 84.0	 45.7	 15.9	24	 996.2	6.1	43.3	 3.8
422	1961	3	 -0.6	  2.9	 12.3	21	 -3.3	-15.0	30	 83.0	 42.3	  6.4	28	1002.8	6.0	70.0	 4.3
422	1961	4	 -0.7	  3.1	 11.5	30	 -4.0	-16.6	3	 90.0	 40.6	  6.0	25	1011.4	6.3	90.0	 2.8
422	1961	5	  8.2	 12.8	 17.0	30	  5.0	 -3.5	25	 74.0	 15.5	  8.7	3	1013.0	6.3	146.2	 3.9
422	1961	6	  8.1	 11.8	 17.6	14	  4.7	  0.2	8	 74.0	 52.8	 11.0	18	1002.8	5.8	198.6	 3.8
422	1961	7	 10.6	 14.0	 19.5	1	  7.8	  3.0	28	 82.0	 37.1	 16.1	31	1010.9	6.3	135.6	 3.1
422	1961	8	 10.2	 13.4	 18.0	21	  7.6	  3.0	25	 82.0	 73.3	 17.8	27	1004.4	6.5	127.9	 3.2
422	1961	9	  8.4	 11.6	 15.5	2	  5.8	 -0.4	27	 81.0	 66.5	 14.4	26	 998.6	6.1	84.2	 3.8
422	1961	10	  4.6	  7.9	 17.5	19	  1.7	 -4.4	30	 84.0	 55.8	  6.2	9	 999.5	6.0	55.9	 3.1
422	1961	11	  1.0	  4.3	 13.0	14	 -2.4	 -9.5	27	 82.0	 72.1	 19.6	30	1002.3	6.1	17.7	 4.0
422	1961	12	 -3.5	 -0.4	  7.4	17	 -6.7	-17.2	28	 86.0	 44.6	  6.7	4	1014.1	6.4	 0.0	 3.1
422	1962	1	 -0.4	  2.6	  9.3	29	 -3.5	-15.0	19	 82.0	 88.1	 16.6	11	 990.6	6.3	 6.0	 4.1
422	1962	2	 -0.9	  2.6	 10.5	21	 -4.6	-12.7	13	 80.0	 36.2	  6.8	18	1008.4	5.9	38.0	 4.4
422	1962	3	 -4.5	 -1.2	  8.2	20	 -7.5	-22.9	15	 86.0	 46.5	  9.1	6	1026.5	6.2	51.6	 1.9
422	1962	4	  3.5	  7.5	 16.0	28	 -0.3	-16.2	2	 81.0	 23.9	  5.6	1	1011.6	5.8	137.7	 2.0
422	1962	5	  6.2	 10.3	 20.8	27	  3.0	 -2.4	5	 74.0	  6.2	  1.9	19	1016.9	6.2	172.2	 3.3
422	1962	6	  8.9	 12.5	 21.2	28	  6.0	  3.3	19	 76.0	 72.5	 42.3	15	1010.0	6.6	136.9	 4.4
422	1962	7	 10.8	 14.7	 20.3	26	  7.7	  4.8	20	 80.0	 26.7	 14.6	31	1015.5	6.1	183.2	 3.6
422	1962	8	  8.9	 11.9	 18.2	16	  6.8	  0.0	13	 87.0	 21.2	  5.9	2	1008.9	7.1	62.6	 3.5
422	1962	9	  7.1	 10.7	 14.6	21	  3.6	 -3.4	11	 78.0	 32.0	  9.1	26	1006.6	5.8	97.5	 4.1
422	1962	10	  4.3	  7.4	 17.7	20	  1.7	-10.0	31	 84.0	 59.9	 18.4	30	1003.8	6.6	46.6	 3.8
422	1962	11	 -0.4	  2.6	 10.5	10	 -3.7	-13.0	17	 90.0	 23.4	  4.6	14	1009.6	6.4	11.8	 3.4
422	1962	12	 -1.3	  2.1	 10.6	22	 -4.2	-11.6	12	 90.0	 50.4	 14.9	6	1006.0	5.8	 0.0	 4.1
422	1963	1	 -3.2	  0.5	 10.8	28	 -6.8	-16.8	5	 87.0	  4.3	  1.7	22	1026.8	4.5	12.6	 3.2
422	1963	2	 -1.5	  1.7	  8.8	28	 -4.8	-14.2	6	 92.0	 23.0	  8.9	27	1013.1	6.3	15.0	 2.8
422	1963	3	  2.5	  5.7	 11.5	2	  0.1	 -5.1	13	 88.0	 39.2	 14.6	18	1001.6	5.8	75.7	 2.1
422	1963	4	  1.9	  6.1	 14.3	25	 -1.1	-13.6	11	 85.0	 47.1	 16.5	1	1010.9	6.6	82.3	 2.5
422	1963	5	  4.3	  8.4	 16.8	25	  1.5	 -6.0	2	 81.0	 38.8	 12.8	8	1002.8	6.5	149.3	 2.9
422	1963	6	 10.1	 14.8	 24.8	3	  7.0	  2.6	2	 83.0	 34.4	  9.9	17	1013.5	5.8	194.1	 2.9
422	1963	7	  9.2	 13.0	 19.8	30	  6.3	  2.0	25	 85.0	 35.1	 11.3	14	1011.5	6.1	172.1	 3.4
422	1963	8	  8.5	 13.1	 19.8	4	  5.3	 -0.5	31	 85.0	  9.8	  3.9	26	1011.1	6.0	148.0	 2.3
422	1963	9	  5.0	  8.7	 16.0	1	  2.5	 -4.6	29	 81.0	 53.2	 11.4	9	1001.2	6.0	68.7	 3.1
422	1963	10	  3.6	  7.1	 12.2	27	  0.7	 -3.8	1	 86.0	 33.1	 12.4	24	 994.0	6.1	45.8	 2.4
422	1963	11	 -3.0	  0.2	 10.7	29	 -5.9	-18.3	24	 89.0	 96.6	 18.4	21	1006.5	6.8	 3.2	 2.9
422	1963	12	 -0.0	  2.7	  8.0	22	 -3.2	-10.9	19	 89.0	 23.4	  6.8	25	1012.1	6.2	 0.0	 2.6
422	1964	1	  1.6	  4.8	 12.5	7	 -1.8	-13.0	31	 85.0	 20.8	  6.9	26	1006.3	5.4	 3.9	 4.1
422	1964	2	  1.9	  4.9	 12.5	7	 -1.3	-14.2	5	 84.0	  6.5	  2.4	22	1008.1	5.1	53.4	 2.0
422	1964	3	  4.7	  9.7	 15.0	28	  1.4	 -4.4	2	 79.0	 13.4	  5.9	24	1007.8	4.9	102.8	 2.1
422	1964	4	  3.1	  7.1	 13.0	27	  0.0	 -5.3	19	 86.0	 42.7	 28.0	11	1010.9	5.5	118.5	 2.0
422	1964	5	  6.6	 11.1	 20.3	18	  3.7	 -2.1	14	 80.0	 43.7	  7.4	20	1008.2	6.3	147.0	 2.2
422	1964	6	  9.6	 14.6	 24.8	19	  6.1	  1.0	16	 76.0	  6.3	  2.4	26	1009.6	5.7	177.9	 2.1
422	1964	7	 11.0	 15.6	 23.5	3	  7.8	  3.0	28	NA	 38.5	  9.2	15	1003.6	6.2	177.2	 2.4
422	1964	8	  8.2	 12.0	 20.6	7	  5.6	  1.5	15	 82.0	 43.1	 16.5	22	1015.4	6.6	100.0	 3.7
422	1964	9	  4.9	  8.9	 19.0	1	  2.4	 -4.4	9	 84.0	 20.3	  5.2	16	1009.8	6.2	76.0	 2.6
422	1964	10	  3.8	  7.4	 16.5	3	  0.7	 -7.5	24	 84.0	 57.3	 15.4	4	1003.4	5.8	66.9	 3.4
422	1964	11	  0.7	  3.9	 15.5	3	 -2.4	-15.0	17	 83.0	 35.9	  4.5	19	1003.7	6.3	 9.9	 3.6
422	1964	12	 -2.5	  1.1	 15.1	21	 -6.2	-14.7	13	 82.0	 64.5	 21.2	31	1002.0	5.9	 0.3	 4.1
422	1965	1	 -2.1	  1.0	  7.1	7	 -5.3	-19.1	19	 83.0	 73.8	 27.4	12	1002.2	6.6	 6.0	 4.1
422	1965	2	  3.0	  6.6	 12.1	4	  0.0	-12.0	13	 79.0	 16.0	  6.8	12	1026.1	5.2	49.9	 5.0
422	1965	3	 -4.1	  0.3	  9.0	31	 -8.2	-18.5	25	 83.0	 12.6	  5.5	16	1014.8	5.0	124.2	 3.7
422	1965	4	  1.7	  6.6	 14.6	30	 -1.8	 -7.5	12	 86.0	 12.9	  4.5	15	1004.9	5.8	151.5	 3.1
422	1965	5	  4.8	  9.2	 20.1	29	  1.7	 -3.1	4	 81.0	 10.4	  6.7	22	1018.9	6.1	185.3	 2.8
422	1965	6	  8.7	 12.9	 19.7	12	  5.5	  1.0	14	 73.0	 14.0	  4.6	5	1008.2	5.8	181.9	 3.3
422	1965	7	 10.5	 15.0	 22.9	19	  7.1	  1.9	27	 78.0	 18.0	  8.6	21	1014.5	5.7	185.4	 3.5
422	1965	8	  9.6	 13.3	 19.5	14	  6.9	  2.6	31	 84.0	 16.2	  3.4	21	1005.9	6.5	117.4	 3.7
422	1965	9	  5.1	  8.2	 18.1	1	  2.8	 -2.5	7	 84.0	 34.9	  8.4	25	1008.4	7.0	64.7	 3.1
422	1965	10	  6.2	  9.8	 17.6	20	  3.3	 -6.3	30	 82.0	 25.3	  9.1	27	1004.3	6.2	38.7	 4.5
422	1965	11	 -2.0	  1.2	 15.1	4	 -4.2	-14.5	30	 84.0	 50.5	 14.9	24	1019.7	5.6	16.8	 3.6
422	1965	12	 -4.9	 -1.6	  8.5	16	 -8.9	-20.2	28	 82.0	 35.6	  6.5	7	1001.8	5.7	 0.0	 3.4
422	1966	1	 -3.5	 -0.5	 11.3	6	 -6.8	-17.7	21	 81.0	 46.0	 11.2	31	1013.7	5.7	 4.4	 4.5
422	1966	2	 -5.9	 -2.6	  2.0	4	 -9.2	-20.0	12	 83.0	 36.0	 11.5	3	1012.4	5.4	39.0	 2.8
422	1966	3	 -3.2	  0.3	  8.6	18	 -6.1	-16.2	25	 85.0	 41.3	  6.7	23	1007.5	6.5	55.5	 3.8
422	1966	4	  1.3	  5.7	  9.0	29	 -2.0	-12.6	2	 82.0	 23.6	  7.5	28	1010.7	5.1	158.9	 2.3
422	1966	5	  4.4	  7.8	 15.3	29	  1.9	 -7.2	9	 82.0	 18.2	  3.3	12	1010.2	6.9	98.3	 3.2
422	1966	6	 10.3	 14.5	 21.4	12	  7.5	  4.5	5	 78.0	 25.3	  8.1	19	1008.6	6.3	149.4	 3.4
422	1966	7	 10.5	 14.4	 26.3	7	  8.1	  3.3	25	 78.0	 44.8	 20.0	24	1009.7	6.8	123.2	 4.6
422	1966	8	  9.2	 13.3	 20.2	14	  6.3	  1.0	21	 82.0	 21.0	  4.5	16	1015.8	6.1	132.2	 3.9
422	1966	9	  7.0	 10.4	 16.5	18	  4.2	 -2.0	9	 76.0	 11.5	  2.9	3	1009.2	6.3	81.4	 3.0
422	1966	10	  1.2	  4.5	 12.3	29	 -1.3	 -8.4	31	 83.0	 34.2	 10.4	3	1014.4	6.0	60.0	 3.2
422	1966	11	 -0.4	  3.2	 14.1	18	 -4.4	-12.8	17	 84.0	 54.3	  9.3	28	1005.8	6.4	13.7	 5.9
422	1966	12	 -2.9	  0.1	  7.5	5	 -5.9	-14.2	3	 86.0	 61.7	  9.9	23	 995.2	7.0	 0.0	 4.2
422	1967	1	 -1.0	  2.9	 13.0	15	 -4.7	-15.1	3	 80.0	 18.5	  5.9	13	1013.5	5.2	 9.3	 3.5
422	1967	2	  0.6	  3.4	  9.3	9	 -1.9	-12.8	27	 79.0	 41.8	 12.9	21	 994.4	6.4	19.0	 4.6
422	1967	3	 -6.3	 -2.7	  6.7	18	 -9.6	-16.6	13	 82.0	 63.7	 13.5	15	 998.7	6.5	52.4	 4.9
422	1967	4	  1.2	  5.4	 14.5	12	 -2.1	-14.8	18	 77.0	 12.7	  7.1	16	1009.2	5.7	155.8	 5.2
422	1967	5	  3.1	  7.0	 18.2	30	 -0.0	 -7.2	1	 82.0	 23.7	  5.9	27	1017.5	5.6	192.2	 3.4
422	1967	6	  9.2	 13.7	 18.5	1	  5.8	  0.2	23	 73.0	 16.3	  4.3	29	1007.1	6.1	164.4	 4.4
422	1967	7	  8.1	 11.3	 19.7	14	  5.7	  2.5	29	 85.0	 51.3	 15.1	9	1008.9	6.5	160.3	 3.7
422	1967	8	  9.8	 13.8	 19.0	13	  6.7	  1.0	3	 79.0	 17.0	  6.2	30	1009.0	6.2	147.6	 2.9
422	1967	9	  8.0	 12.7	 19.8	7	  4.7	 -2.4	28	 78.0	  8.6	  4.1	15	1004.9	5.5	122.3	 3.2
422	1967	10	  1.4	  3.9	 13.6	1	 -0.8	-10.9	17	 86.0	105.5	 30.2	28	 998.2	6.6	32.0	 3.5
422	1967	11	 -0.7	  2.7	 12.0	19	 -4.4	-14.0	6	 77.0	 37.9	  8.8	28	1003.3	5.9	17.5	 5.1
422	1967	12	 -2.4	  0.8	 11.6	12	 -5.3	-13.0	7	 83.0	 49.2	 10.1	21	1008.6	6.2	 0.0	 4.3
422	1968	1	 -3.9	 -0.8	  7.0	24	 -7.4	-16.4	2	 82.0	 76.1	 10.2	27	1003.7	6.8	 2.2	 4.3
422	1968	2	 -4.2	 -0.0	 10.0	28	 -8.6	-21.2	3	 79.0	 22.8	  7.8	4	1010.0	5.0	32.9	 5.0
422	1968	3	 -3.5	  0.4	 13.5	7	 -6.6	-16.5	31	 79.0	 50.0	 20.9	17	1002.7	6.6	61.5	 4.8
422	1968	4	  0.0	  4.8	 14.3	14	 -3.5	-18.2	1	 82.0	 33.2	 10.7	20	1015.9	5.3	156.2	 3.6
422	1968	5	  4.0	  8.5	 20.2	27	 -0.2	-10.4	1	 85.0	  7.7	  2.4	30	1022.0	4.4	290.8	 3.7
422	1968	6	  7.4	 11.3	 17.2	12	  4.7	  0.2	7	 79.0	 45.8	 14.8	5	1009.3	6.9	102.1	 4.2
422	1968	7	 11.4	 15.9	 22.3	19	  7.6	  2.4	12	 77.0	 20.0	  6.4	2	1019.2	5.4	207.3	 3.1
422	1968	8	 10.2	 14.1	 22.8	5	  7.4	  1.9	14	 76.0	 25.1	  6.9	31	1012.1	6.1	155.7	 3.5
422	1968	9	  8.0	 11.4	 18.5	4	  5.6	 -1.0	29	 85.0	 17.0	  3.5	3	1010.0	6.5	76.2	 2.0
422	1968	10	 -0.2	  2.2	  9.2	19	 -2.6	-10.1	30	 92.0	 45.3	  8.3	28	1014.7	6.2	42.4	 2.4
422	1968	11	  2.9	  5.3	 11.2	18	 -0.1	-12.5	2	 83.0	 32.7	  9.6	5	1007.8	6.0	18.4	 4.1
422	1968	12	 -1.9	  1.5	 11.4	7	 -5.5	-15.4	19	 85.0	 30.7	  6.0	13	1009.6	5.7	 0.3	 4.7
422	1969	1	 -3.3	 -0.8	  9.8	1	 -6.0	-18.0	31	 86.0	 34.3	  7.5	11	1013.2	7.1	 2.5	 4.8
422	1969	2	 -5.5	 -2.3	  7.5	16	-10.0	-20.5	1	 84.0	 51.7	 14.6	7	1016.6	5.4	55.0	 5.0
422	1969	3	 -3.7	  0.1	  8.3	16	 -6.6	-23.0	9	 83.0	 31.9	  9.9	5	1014.7	6.0	72.8	 3.9
422	1969	4	 -0.1	  3.7	 11.8	18	 -3.4	-12.6	13	 85.0	 22.6	  6.8	3	1010.6	6.1	122.3	 4.4
422	1969	5	  4.2	  8.1	 18.4	20	  1.1	 -6.3	13	 83.0	  2.7	  1.4	6	1019.1	5.7	196.8	 3.9
422	1969	6	  9.8	 14.4	 23.5	17	  6.4	  0.6	2	 81.0	 19.4	  6.4	16	1008.3	6.2	176.6	 4.2
422	1969	7	  9.6	 13.3	 19.6	31	  6.6	  3.5	4	 86.0	 48.4	 14.1	3	1004.6	6.5	133.2	 4.2
422	1969	8	 11.6	 15.7	 22.5	10	  8.6	  3.4	22	 81.0	 39.5	  9.1	12	1009.6	6.5	74.9	 4.0
422	1969	9	  6.1	  9.6	 18.6	3	  3.3	 -2.5	30	 82.0	 19.0	  4.3	23	1004.3	6.4	99.8	 4.1
422	1969	10	  3.0	  5.8	 12.0	11	  0.8	 -8.3	1	 85.0	 66.9	 11.6	14	 998.8	6.7	46.0	 4.1
422	1969	11	 -3.1	  0.5	  9.5	17	 -6.9	-14.4	22	 81.0	 63.3	 19.2	10	1005.0	5.8	14.7	 4.7
422	1969	12	 -1.2	  2.3	 10.2	27	 -4.7	-15.0	3	 80.0	 26.8	  4.0	9	1003.0	6.0	 0.0	 4.0
422	1970	1	 -1.5	  1.4	 10.0	21	 -4.4	-21.6	8	 81.0	 75.3	 30.9	13	1002.5	5.7	12.0	 4.0
422	1970	2	 -3.9	 -1.0	  8.8	28	 -7.6	-13.7	15	 83.0	 42.7	 11.4	2	1006.8	6.4	44.8	 4.5
422	1970	3	 -4.5	 -1.5	  9.0	24	 -7.7	-13.8	31	 87.0	 63.5	  7.6	17	1013.9	6.8	32.5	 4.8
422	1970	4	  0.5	  3.7	  9.8	29	 -2.5	 -8.2	28	 83.0	 28.8	 17.1	5	1010.2	5.6	147.5	 3.1
422	1970	5	  5.0	  8.7	 16.0	8	  2.2	 -1.7	3	 80.0	 19.6	  7.8	2	1007.8	6.8	122.2	 3.6
422	1970	6	 10.4	 14.6	 20.5	22	  6.6	  1.4	5	 72.0	 11.0	  7.4	3	1010.5	5.4	246.5	 4.4
422	1970	7	  7.4	 10.3	 18.5	16	  5.0	  2.5	31	 83.0	 41.2	  9.9	5	1007.9	6.5	123.3	 4.9
422	1970	8	  9.2	 13.5	 20.4	25	  6.2	  1.2	10	 83.0	 35.8	  7.9	14	1008.9	6.1	160.8	 3.7
422	1970	9	  6.2	 10.0	 15.5	26	  3.3	 -2.5	15	 78.0	 31.9	 13.8	2	1005.6	5.6	99.1	 3.5
422	1970	10	  2.3	  5.5	 13.8	14	 -0.1	-13.6	28	 80.0	 69.8	 21.4	9	1008.2	6.4	38.0	 4.7
422	1970	11	 -1.0	  1.6	 10.6	27	 -4.1	-11.5	2	 85.0	 63.9	 13.6	13	1005.7	6.4	17.2	 4.3
422	1970	12	  0.6	  4.7	 13.6	10	 -2.5	-13.3	20	 80.0	 44.7	 14.0	17	1011.5	5.6	 0.0	 5.5
422	1971	1	 -5.5	 -2.1	  7.0	13	 -8.8	-19.4	30	 81.0	 48.5	 15.7	24	1003.5	6.1	11.3	 4.2
422	1971	2	 -1.0	  2.8	 12.4	3	 -4.7	-15.8	18	 80.0	 37.8	  6.8	21	 998.0	6.6	27.1	 5.1
422	1971	3	 -0.6	  2.4	 11.0	5	 -3.2	-12.4	9	 83.0	 47.6	 10.0	25	1010.9	6.8	52.1	 4.1
422	1971	4	  1.5	  5.2	 10.8	13	 -1.4	 -9.0	7	 80.0	 35.9	 12.0	18	1013.4	6.9	74.3	 5.1
422	1971	5	  5.9	 10.1	 16.0	31	  2.6	 -1.0	28	 80.0	 23.4	  8.8	30	1006.6	6.4	155.1	 3.9
422	1971	6	  8.2	 11.9	 20.4	6	  4.9	  2.0	25	 75.0	  8.9	  3.3	28	1019.0	5.4	257.2	 4.8
422	1971	7	 10.1	 14.1	 18.5	6	  6.9	  3.6	10	 79.0	 20.1	  9.6	15	1013.1	6.1	198.5	 3.8
422	1971	8	  9.4	 13.6	 22.1	15	  6.1	 -1.0	29	 74.0	 33.4	 14.7	27	1004.7	5.9	174.3	 4.7
422	1971	9	  6.8	 10.3	 16.6	18	  4.2	 -3.5	23	 82.0	 43.0	  9.1	9	1008.9	6.8	61.9	 3.6
422	1971	10	  2.7	  5.4	 14.1	26	  0.1	 -9.0	13	 85.0	 49.9	 10.5	12	1004.2	6.6	52.4	 4.2
422	1971	11	 -1.0	  3.0	 15.5	24	 -4.6	-13.7	18	 86.0	 46.3	 10.3	7	1007.0	6.7	10.4	 5.2
422	1971	12	 -1.5	  1.3	 10.7	31	 -5.7	-14.7	2	 86.0	 72.1	 16.7	13	 998.6	6.1	 0.4	 4.9
422	1972	1	  2.5	  5.5	 11.8	29	 -0.3	-11.0	27	 81.0	 24.1	  9.1	19	 997.5	6.0	 4.0	 5.5
422	1972	2	  0.9	  3.7	 11.0	23	 -2.0	-16.0	16	 85.0	 19.8	  7.6	5	1001.7	6.0	35.3	 4.9
422	1972	3	  1.5	  4.8	 11.2	10	 -1.1	 -6.7	23	 88.0	 35.8	  6.8	19	1000.1	6.6	67.4	 4.8
422	1972	4	  2.2	  5.7	 15.0	24	 -0.6	-10.8	8	 85.0	 13.7	  4.6	14	1008.9	6.4	107.8	 4.6
422	1972	5	  7.6	 11.5	 16.2	22	  4.3	 -3.6	1	 73.0	 24.3	 20.7	26	1011.8	6.2	154.2	 4.7
422	1972	6	  7.9	 11.0	 21.0	14	  5.5	  2.0	1	 82.0	112.3	 30.9	3	1003.4	6.9	110.6	 4.8
422	1972	7	 10.8	 14.3	 21.0	26	  8.2	  3.4	4	 78.0	 42.8	 13.0	3	1007.7	6.8	145.3	 4.2
422	1972	8	  9.4	 13.3	 20.2	13	  6.3	  3.0	10	 75.0	 24.8	  4.5	13	1008.5	6.2	156.1	 4.7
422	1972	9	  8.0	 11.7	 17.8	17	  4.9	  0.8	7	 75.0	 34.9	  9.4	5	1012.4	6.2	79.5	 4.6
422	1972	10	  4.0	  7.3	 15.2	3	  1.1	 -5.0	24	 75.0	 86.1	 38.7	28	1006.3	5.9	65.5	 4.5
422	1972	11	 -0.4	  1.8	  8.5	26	 -2.8	-13.0	22	 84.0	128.3	 18.7	28	1000.6	6.8	 8.5	 5.5
422	1972	12	  0.5	  3.1	 10.6	19	 -2.1	-10.2	11	 86.0	 98.4	 15.1	6	 990.7	6.7	 0.0	 5.5
422	1973	1	  2.2	  5.2	 12.3	7	 -0.8	 -8.5	27	 78.0	 26.8	  7.6	17	 998.6	5.9	12.7	 5.0
422	1973	2	 -5.1	 -1.3	  8.5	1	 -8.6	-16.8	25	 82.0	 72.8	 12.7	11	 998.3	6.9	26.4	 5.5
422	1973	3	  1.6	  5.3	 11.5	21	 -1.8	-11.0	31	 79.0	 12.4	  4.6	7	1001.1	6.3	77.3	 5.7
422	1973	4	  1.8	  5.7	 13.4	23	 -1.6	-15.1	2	 82.0	 44.9	 23.0	5	1019.0	6.2	119.3	 5.2
422	1973	5	  4.7	  8.3	 14.5	26	  1.3	 -3.9	2	 81.0	  8.8	  3.8	12	1014.7	6.0	199.9	 5.1
422	1973	6	  7.1	 10.9	 20.0	16	  4.3	 -2.0	10	 76.0	 35.4	 17.4	18	1005.9	6.6	140.9	 4.8
422	1973	7	 10.5	 14.9	 21.5	26	  7.0	  2.4	31	 76.0	 20.6	  5.2	5	1009.8	5.5	237.4	 4.5
422	1973	8	  9.7	 13.9	 21.3	24	  6.7	  1.4	19	 77.0	 53.5	 25.3	6	1007.3	6.1	163.3	 4.1
422	1973	9	  8.7	 12.6	 21.8	15	  5.7	 -1.5	9	 78.0	 32.7	  8.9	1	1007.5	6.3	96.1	 4.3
422	1973	10	  3.0	  6.0	 19.0	1	  0.1	-10.6	19	 79.0	 55.3	 31.1	8	1011.2	5.6	81.1	 3.9
422	1973	11	 -5.0	 -1.8	  6.2	7	 -9.0	-18.0	23	 83.0	 60.3	  9.8	4	1012.8	6.2	 7.3	 4.0
422	1973	12	 -6.0	 -1.9	 12.2	2	 -9.9	-18.5	21	 83.0	 60.9	 11.4	16	1005.4	6.6	 0.4	 5.4
422	1974	1	  0.4	  3.0	  9.6	20	 -2.6	 -9.6	17	 87.0	 70.9	  9.9	29	 981.6	6.6	 2.8	 4.2
422	1974	2	 -1.2	  1.1	  9.3	26	 -4.2	-16.5	16	 85.0	113.7	 19.5	3	 999.7	7.0	31.8	 5.7
422	1974	3	  3.6	  6.6	 12.1	31	  0.9	 -5.5	20	 79.0	 19.7	  5.7	31	1006.8	5.7	105.6	 5.3
422	1974	4	  6.8	 10.7	 17.2	24	  3.4	 -4.9	8	 71.0	 19.5	  8.0	9	1014.4	6.0	154.5	 5.9
422	1974	5	  7.3	 11.5	 17.5	13	  4.0	 -3.2	28	 73.0	 14.3	  5.2	10	1013.2	6.0	162.6	 4.7
422	1974	6	  9.4	 13.4	 29.4	23	  6.7	  2.8	9	 80.0	 27.2	  6.4	19	1008.4	6.4	137.9	 4.8
422	1974	7	 10.3	 14.1	 22.0	24	  7.3	  4.0	13	 80.0	 41.5	 10.8	23	1007.3	6.0	202.5	 4.8
422	1974	8	  8.7	 12.1	 20.0	8	  6.0	 -0.6	27	 91.0	 61.3	 18.5	26	1009.8	6.5	148.1	 4.6
422	1974	9	  4.8	  7.9	 17.3	1	  2.3	 -4.7	30	 86.0	 58.9	 13.2	5	1004.1	6.6	62.0	 6.6
422	1974	10	  3.6	  7.6	 15.5	13	  0.4	 -8.8	28	 82.0	 39.4	 11.9	20	1011.4	5.3	103.5	 4.8
422	1974	11	  0.8	  3.2	 11.7	5	 -1.5	 -8.5	17	 87.0	 78.6	 18.2	16	1001.2	6.2	15.0	 4.2
422	1974	12	 -3.9	NA	NA	NA	 -7.4	-17.6	22	 85.0	 74.9	 13.6	9	 994.0	6.6	 0.2	 6.1
422	1975	1	 -6.0	 -2.7	  8.6	1	-10.0	-19.7	11	 86.0	129.7	 20.7	15	 993.0	6.3	 8.0	 5.0
422	1975	2	  1.2	  3.7	  8.5	3	 -1.5	-10.5	14	 87.0	 36.2	 13.0	22	1004.4	6.2	43.7	 4.6
422	1975	3	 -1.5	  1.6	  9.6	31	 -4.6	-14.8	26	 83.0	 24.3	  9.8	7	1009.4	6.6	88.5	 5.5
422	1975	4	  0.3	  4.2	 14.4	25	 -2.8	-16.5	12	 83.0	 14.6	  5.7	30	1013.8	5.8	150.0	 4.2
422	1975	5	  6.2	 10.5	 21.6	22	  2.7	 -6.6	12	 78.0	  7.8	  4.6	1	1020.3	5.7	259.4	 5.3
422	1975	6	  7.1	 10.4	 19.3	10	  4.0	 -2.1	1	 75.0	 24.8	  7.0	8	1014.2	6.8	131.2	 5.4
422	1975	7	 11.5	 16.3	 27.6	4	  7.9	  3.7	30	 74.0	 30.1	  7.5	18	1006.1	5.9	211.6	 4.9
422	1975	8	 11.2	 15.8	 20.2	9	  8.1	  2.2	21	 76.0	 20.8	  5.6	4	1009.4	5.7	192.8	 4.9
422	1975	9	  4.2	  8.1	 16.8	3	  1.2	 -7.3	30	 83.0	 61.2	 21.4	23	1002.4	5.9	113.3	 4.6
422	1975	10	  4.1	  6.9	 16.6	11	  1.7	 -7.5	31	 85.0	 37.6	  8.4	3	1008.8	6.5	47.1	 3.4
422	1975	11	  1.4	  4.4	 14.6	7	 -1.9	 -8.7	17	 79.0	 27.0	  8.3	23	1001.2	6.4	11.4	 5.4
422	1975	12	 -1.8	  3.6	 11.8	26	 -6.0	-17.1	29	 80.0	 73.5	 13.6	10	1003.0	6.7	 0.4	 5.7
422	1976	1	 -4.2	 -1.3	  7.5	17	 -8.2	-19.0	12	 83.0	 34.3	  6.8	5	1001.0	6.2	10.9	 4.1
422	1976	2	  0.3	  3.8	 10.2	20	 -2.5	-10.0	12	 79.0	 44.1	 10.6	17	 994.2	6.0	39.3	 4.8
422	1976	3	  1.7	  4.6	 13.6	3	 -1.1	-12.6	1	 79.0	 25.5	  8.4	6	 996.0	5.6	116.1	 4.8
422	1976	4	  2.5	  6.9	 19.8	22	 -0.8	 -9.3	2	 82.0	 12.9	  3.3	29	1011.6	6.7	115.8	 3.6
422	1976	5	  5.4	 10.1	 22.0	27	  2.0	 -8.1	5	 79.0	 33.7	 10.5	17	1006.1	6.0	184.6	 2.8
422	1976	6	  9.7	 13.9	 18.2	2	  6.5	  2.5	1	 77.0	 25.2	  7.9	7	1007.2	6.1	201.7	 3.1
422	1976	7	 12.5	 17.4	 26.8	9	  9.3	  3.9	31	 80.0	 28.0	  9.0	29	1011.2	6.3	171.6	 3.6
422	1976	8	 12.6	 17.2	 27.7	28	  9.3	  2.7	30	 76.0	 26.5	 13.0	15	1008.2	6.0	161.2	 5.4
422	1976	9	  8.1	 13.2	 20.7	2	  4.1	 -1.8	8	 85.0	  4.2	  2.1	6	1017.4	4.7	188.7	 3.6
422	1976	10	  5.2	  8.0	 13.0	21	  2.4	 -3.0	16	 78.0	 57.9	 12.7	12	 998.3	6.0	65.6	 4.2
422	1976	11	  2.5	  5.1	 14.5	19	  0.1	 -7.0	11	 86.0	 60.2	 17.9	3	1001.5	7.0	 4.7	 4.9
422	1976	12	 -3.4	 -0.7	  8.0	12	 -6.5	-16.7	31	 84.0	 64.2	 16.5	2	1013.3	5.4	 0.0	 3.3
422	1977	1	 -2.4	 -0.3	  9.5	3	 -5.5	-15.5	1	 86.0	 54.5	  6.6	13	1012.7	7.1	 0.8	 3.7
422	1977	2	 -2.9	 -0.1	  5.0	17	 -5.9	-12.8	9	 87.0	  5.9	  2.6	5	1009.4	4.6	71.5	 2.6
422	1977	3	  0.1	  2.8	  8.8	23	 -2.1	 -9.0	29	 87.0	 46.1	  8.2	12	1007.7	6.4	83.0	 2.6
422	1977	4	 -0.4	  2.5	 10.3	8	 -3.5	-12.5	17	 85.0	 35.5	 15.0	27	1011.0	6.1	135.5	 4.7
422	1977	5	  6.9	 10.7	 20.9	23	  3.4	 -4.0	12	 70.0	  0.9	  0.9	20	1020.3	5.4	216.5	 5.1
422	1977	6	  9.3	 13.8	 20.9	15	  6.0	 -1.7	9	 74.0	 10.0	  4.7	25	1014.2	6.4	154.2	 5.5
422	1977	7	 11.2	 15.0	 20.0	9	  8.3	  4.2	6	 78.0	 22.1	  9.5	5	1012.0	6.8	135.4	 4.7
422	1977	8	  9.8	 14.2	 24.5	11	  6.6	  1.5	26	 78.0	 31.2	 13.2	5	1013.4	5.8	178.4	 3.9
422	1977	9	  7.3	 11.5	 20.1	19	  4.0	 -4.5	10	 72.0	 17.0	  6.8	4	1008.0	5.8	117.9	 3.6
422	1977	10	  3.2	  5.9	 11.8	20	  1.1	 -3.5	8	 87.0	 98.6	 22.0	13	 999.8	7.0	37.1	 2.4
422	1977	11	 -2.0	  1.0	  8.5	29	 -5.3	-12.5	25	 86.0	 41.6	 12.0	23	1003.4	6.7	13.8	 4.6
422	1977	12	 -0.6	  2.6	 11.0	5	 -3.8	-19.6	19	 83.0	 30.8	  6.5	21	1002.2	6.1	 0.7	 4.6
422	1978	1	 -3.0	  0.2	 11.4	14	 -6.8	-14.5	17	 84.0	 73.9	 17.3	23	 999.9	6.6	 8.6	 4.4
422	1978	2	 -3.9	 -1.6	  5.6	6	 -6.4	-16.0	15	 89.0	 32.3	  6.8	3	1014.0	6.8	19.6	 2.7
422	1978	3	 -0.6	  2.1	  9.5	18	 -3.5	-14.2	5	 86.0	 70.5	 14.7	2	 996.2	6.7	62.4	 5.1
422	1978	4	  2.7	  6.8	 13.2	5	 -0.9	-10.0	9	 77.0	  5.3	  1.0	4	1019.6	5.6	160.8	 4.7
422	1978	5	  6.8	 11.3	 18.0	8	  3.0	 -5.4	4	 70.0	 29.3	 10.1	23	1011.0	6.2	192.8	 4.0
422	1978	6	  8.5	 13.0	 21.5	12	  4.9	 -0.4	23	 72.0	 15.9	  8.3	7	1010.1	5.7	205.1	 5.0
422	1978	7	 10.6	 14.3	 21.5	14	  7.6	  4.2	3	 79.0	 37.2	 12.4	26	1013.7	6.4	174.6	 4.8
422	1978	8	 12.2	 16.9	 23.8	12	  9.0	  2.0	25	 76.0	 18.2	  9.6	21	1012.0	6.1	163.9	 4.3
422	1978	9	  6.7	 10.3	 16.8	5	  3.7	 -1.2	17	 79.0	 20.6	  6.1	26	1006.8	6.3	87.3	 4.4
422	1978	10	  3.9	  7.3	 16.3	26	  0.5	 -5.8	20	 79.0	 57.3	 12.7	19	1002.9	5.9	70.5	 6.3
422	1978	11	 -0.6	  2.6	 13.6	29	 -4.1	-13.5	27	 84.0	 80.9	 19.7	18	 994.1	5.9	15.5	 5.5
422	1978	12	  0.6	  2.9	  9.6	2	 -1.9	-14.7	22	 84.0	 14.0	  4.0	31	1010.9	6.4	 0.0	 3.3
422	1979	1	 -5.5	 -2.3	  6.8	17	 -9.4	-19.5	13	 84.0	 34.0	  5.7	9	1013.1	6.1	 6.6	 5.3
422	1979	2	 -1.8	  1.4	 10.0	19	 -5.8	-17.5	7	 81.0	  5.1	  1.6	24	1005.6	6.0	43.9	 5.0
422	1979	3	 -6.9	 -3.0	  6.6	18	-10.3	-18.8	24	 85.0	 23.3	  6.6	20	1003.2	5.2	117.6	 3.9
422	1979	4	  0.2	  3.4	 11.0	26	 -2.5	-11.7	1	 85.0	 41.7	 11.4	20	1018.4	6.9	72.2	 4.8
422	1979	5	 -0.3	  2.4	 14.6	31	 -2.9	 -9.5	6	 89.0	 22.8	  6.4	23	1017.4	6.1	193.5	 4.5
422	1979	6	  9.1	 13.2	 18.2	30	  5.9	  1.2	15	 72.0	 38.1	  9.8	28	1008.3	6.5	133.1	 4.4
422	1979	7	  8.7	 12.6	 16.5	1	  5.6	  2.3	24	 79.0	 13.5	  5.0	21	1009.5	6.5	113.8	 3.3
422	1979	8	  8.4	 11.8	 17.0	11	  5.8	  2.5	30	 82.0	 15.2	  4.2	29	1009.8	6.7	99.6	 3.6
422	1979	9	  3.6	  6.5	 12.2	30	  1.1	 -4.0	21	 85.0	 67.7	 17.7	6	1005.4	6.9	48.5	 3.6
422	1979	10	  4.2	  7.2	 15.2	2	  1.5	 -7.0	21	 77.0	 23.1	  3.4	26	1003.8	6.6	31.8	 3.6
422	1979	11	 -0.6	  1.6	  7.8	20	 -3.2	-12.6	9	 85.0	 53.4	 15.6	3	 998.1	6.7	11.1	 3.9
422	1979	12	 -1.3	  1.5	 13.6	20	 -4.1	-13.0	7	 82.0	 29.9	  9.3	17	 993.6	5.9	 0.1	 4.3
422	1980	1	 -2.6	  0.6	 10.3	12	 -6.1	-15.5	1	 85.0	 30.3	 11.8	12	1012.2	5.6	11.7	 4.5
422	1980	2	 -0.3	  2.8	 13.8	23	 -3.6	-19.2	4	 79.0	 25.3	  5.3	26	1004.1	6.3	26.1	 4.4
422	1980	3	  0.4	  3.6	  9.2	19	 -2.5	-10.1	2	 84.0	 27.3	 11.9	22	1008.3	6.1	77.8	 3.6
422	1980	4	  3.9	  7.6	 14.2	29	  0.6	 -6.9	3	 72.0	 13.6	  5.0	28	1008.0	6.2	141.3	 4.9
422	1980	5	  7.9	 12.6	 24.6	22	  4.4	 -4.6	7	 71.0	  8.6	  3.2	17	1020.3	5.2	219.4	 4.5
422	1980	6	  9.5	 13.1	 20.0	13	  6.3	  0.8	1	 78.0	 48.2	 13.8	21	1011.3	5.5	222.1	 3.9
422	1980	7	 11.2	 14.8	 27.0	31	  8.1	  4.2	27	 76.0	 22.5	  5.8	26	1013.7	6.3	137.9	 2.1
422	1980	8	 10.5	 14.2	 26.6	1	  7.3	  1.0	29	 77.0	 34.0	  9.2	7	1011.9	6.1	154.2	 2.0
422	1980	9	  6.8	 10.3	 15.8	1	  4.0	 -3.2	19	 79.0	 49.3	  9.9	5	1004.3	6.2	64.5	 3.4
422	1980	10	 -0.4	  1.9	 13.0	31	 -2.9	-10.4	22	 88.0	 36.6	  9.0	1	1011.2	6.5	33.1	 4.2
422	1980	11	 -0.2	  3.2	 13.3	4	 -4.0	-14.4	24	 79.0	 35.2	 11.3	16	1014.3	5.8	21.3	 5.6
422	1980	12	 -4.2	 -0.5	 12.0	4	 -7.8	-20.0	19	 85.0	 45.1	  7.6	22	1000.5	7.0	 0.0	 4.4
422	1981	1	 -3.7	  0.2	 11.6	26	 -8.2	-20.1	15	 80.0	 58.4	 11.2	31	1005.3	6.2	 7.0	 4.9
422	1981	2	 -3.0	  1.8	  7.2	27	 -6.8	-16.2	5	 80.0	 35.2	 14.8	1	 998.8	5.5	45.2	 3.8
422	1981	3	 -2.9	 -0.4	  6.7	30	 -5.4	-11.4	20	 87.0	 68.5	 12.3	24	1006.6	7.1	30.4	 4.3
422	1981	4	  3.7	  7.8	 17.9	18	  0.2	 -9.8	30	 73.0	 11.5	  5.9	1	1018.4	5.2	184.5	 4.1
422	1981	5	  4.8	  9.1	 16.0	25	  1.7	 -8.5	1	 83.0	 12.3	  3.0	4	1013.3	6.1	149.1	 3.5
422	1981	6	  7.8	 11.7	 19.0	21	  4.6	 -0.8	1	 72.0	 18.1	  5.2	29	1014.7	6.2	145.5	 3.7
422	1981	7	  9.5	 13.6	 25.2	24	  6.6	  1.8	31	 78.0	 27.4	  7.6	15	1008.8	6.5	127.4	 4.0
422	1981	8	 10.9	 15.1	 22.6	27	  7.7	  0.7	20	 76.0	 47.9	 14.0	21	1007.7	6.2	119.2	 3.6
422	1981	9	  6.1	  8.9	 18.3	1	  3.9	 -3.8	29	 82.0	 96.6	 25.3	11	1007.1	6.9	31.7	 4.1
422	1981	10	 -0.6	  1.6	  9.0	22	 -3.0	 -9.0	16	 89.0	 96.2	 13.6	6	1008.9	6.9	38.7	 4.5
422	1981	11	 -1.6	  1.5	 11.2	7	 -5.4	-18.5	19	 87.0	 51.7	  9.1	1	1007.2	6.4	 7.8	 4.3
422	1981	12	 -3.4	 -0.6	 13.5	2	 -6.5	-17.0	22	 89.0	115.6	 19.6	23	1010.6	6.8	 0.0	 4.9
422	1982	1	 -3.4	 -0.6	  6.8	12	 -6.4	-17.7	8	 80.0	 74.0	 20.3	16	1009.3	6.7	 2.4	 3.2
422	1982	2	  1.3	  3.8	 10.8	20	 -1.3	 -9.3	15	 79.0	 48.9	  9.8	25	 990.9	6.6	22.8	 4.5
422	1982	3	 -0.3	  3.2	 12.2	30	 -3.4	-12.5	3	 75.0	 33.0	 11.6	15	 996.3	5.6	109.7	 4.3
422	1982	4	  3.2	  7.2	 14.0	18	  0.2	 -8.0	7	 70.0	 15.3	  7.3	30	1008.3	6.2	134.8	 4.8
422	1982	5	  3.6	  6.9	 15.0	9	  0.7	-10.1	5	 76.0	 18.8	  7.8	15	1015.1	6.6	107.1	 4.1
422	1982	6	  9.2	 13.3	 19.4	6	  5.5	  1.2	2	 75.0	 13.0	  8.5	1	1018.2	5.3	263.8	 3.7
422	1982	7	 11.7	 15.6	 25.0	21	  8.7	  3.0	25	 73.0	 39.6	 11.5	4	1009.8	6.4	134.9	 4.6
422	1982	8	  8.5	 12.1	 20.7	2	  5.7	 -2.1	28	 82.0	 48.4	 21.6	16	1006.5	6.1	135.1	 4.2
422	1982	9	  4.6	  7.8	 11.8	1	  1.9	 -4.8	22	 77.0	 35.6	 17.7	10	1002.5	6.3	64.9	 3.4
422	1982	10	  3.3	  6.3	 11.7	3	  0.7	 -6.0	26	 85.0	103.8	 19.0	18	1000.5	6.5	34.1	 2.8
422	1982	11	 -1.6	  1.2	  9.7	5	 -4.8	-13.0	26	 80.0	 48.2	 16.9	14	 995.4	6.0	15.9	 5.2
422	1982	12	 -2.5	  0.7	 10.1	29	 -5.9	-14.1	21	 77.0	 72.5	 16.8	20	 994.5	6.4	 0.0	 5.4
422	1983	1	 -2.9	  0.2	 12.0	22	 -6.2	-13.6	17	 74.0	 94.0	 23.7	22	 986.1	6.3	 5.9	 5.6
422	1983	2	  1.6	  5.3	 11.0	8	 -2.4	-18.5	2	 73.0	 29.0	 16.0	5	1013.3	6.0	20.4	 7.0
422	1983	3	 -2.1	  1.4	 12.7	2	 -5.5	-14.7	10	 84.0	 76.0	 18.4	30	 999.4	6.9	54.1	 5.7
422	1983	4	 -2.0	  1.2	  8.0	13	 -4.9	-15.0	9	 82.0	 49.3	 18.3	6	1015.0	6.1	114.9	 5.8
422	1983	5	  3.4	  6.3	 13.5	27	  1.2	 -2.1	2	 81.0	 21.7	  6.9	10	1016.7	6.9	80.3	 4.4
422	1983	6	  8.6	 12.9	 20.4	27	  5.3	 -0.8	1	 73.0	 47.5	 27.4	11	1009.4	6.2	121.3	 5.2
422	1983	7	 10.5	 15.2	 22.5	25	  7.0	  1.3	17	 72.0	 33.2	 10.6	17	1007.3	6.3	153.3	 5.1
422	1983	8	 10.1	 14.7	 24.0	24	  6.8	  1.9	23	 74.0	 30.8	 11.1	15	1007.1	6.1	130.5	 4.6
422	1983	9	  4.9	  8.9	 15.5	12	  1.7	 -6.0	29	 75.0	 15.8	  6.6	18	1010.9	5.4	121.7	 4.2
422	1983	10	  1.8	  4.7	  9.6	29	 -1.1	 -7.6	28	 82.0	111.8	 18.3	22	1000.8	6.6	41.8	 5.5
422	1983	11	  0.2	  3.2	 11.8	14	 -3.5	-12.8	29	 79.0	 87.0	 27.7	7	1010.4	6.3	18.5	 4.8
422	1983	12	 -1.7	  1.3	  9.8	1	 -4.3	-13.5	23	 81.0	 73.4	 20.0	7	 999.9	6.8	 0.0	 4.6
422	1984	1	 -5.0	 -1.7	  7.5	9	 -8.8	-17.9	17	 80.0	 54.6	 12.9	3	 990.2	5.8	10.3	 4.8
422	1984	2	  0.1	  3.7	 12.7	24	 -3.3	-14.1	6	 76.0	 76.4	 36.9	7	 996.4	6.5	16.1	 6.0
422	1984	3	  1.0	  4.5	 11.0	8	 -2.1	-15.0	1	 76.0	 30.2	  9.3	27	1016.8	5.9	91.7	 5.1
422	1984	4	  4.4	  7.7	 19.0	26	  1.3	 -5.9	17	 70.0	 34.3	  9.1	13	1006.0	6.2	128.5	 6.0
422	1984	5	  6.7	 11.2	 19.6	27	  3.4	 -4.0	6	 71.0	 13.6	  4.4	20	1011.2	6.5	134.4	 5.3
422	1984	6	 10.1	 14.5	 23.5	5	  6.6	  2.5	27	 79.0	 29.6	  6.8	26	1013.0	5.7	191.8	 4.4
422	1984	7	 12.7	 16.4	 22.0	22	  9.9	  5.9	30	 81.0	 19.8	  4.0	12	1011.0	6.6	122.0	 4.2
422	1984	8	 12.2	 16.5	 20.5	3	  8.8	  3.6	24	 72.0	 14.9	 11.1	28	1008.1	5.8	172.4	 4.6
422	1984	9	  6.4	 10.3	 20.2	6	  3.1	 -2.0	12	 78.0	 55.4	 20.4	20	1006.8	5.6	109.0	 3.8
422	1984	10	  1.9	  4.6	  9.1	15	 -0.6	 -5.0	6	 84.0	 50.5	 16.0	30	1001.9	6.5	49.4	 1.5
422	1984	11	 -0.7	  2.1	  7.5	12	 -3.3	 -9.8	11	 85.0	 47.9	 10.9	8	1000.5	6.3	13.4	 2.2
422	1984	12	  0.3	  3.2	 10.4	11	 -3.0	-10.6	2	 79.0	 55.1	 14.4	17	 994.7	5.6	 0.0	 4.2
422	1985	1	 -2.4	  0.5	 11.2	12	 -5.5	-14.5	26	 76.0	 29.7	 10.6	31	1017.6	4.8	13.9	 4.1
422	1985	2	 -1.9	  1.1	 11.7	28	 -5.2	-15.3	1	 76.0	 10.3	  3.0	2	1010.4	5.5	49.7	 5.1
422	1985	3	 -1.2	  2.0	 10.4	1	 -3.4	-11.6	17	 76.0	 41.8	 14.3	31	1009.0	5.9	95.9	 4.3
422	1985	4	  1.5	  4.8	 12.0	22	 -1.6	-12.5	2	 77.0	 27.0	  7.9	17	1011.0	6.0	114.8	 3.0
422	1985	5	  6.8	 11.1	 21.5	19	  3.6	 -1.3	24	 70.0	 59.0	 26.9	28	1016.1	5.8	190.7	 3.8
422	1985	6	  9.2	 12.6	 18.3	23	  6.1	  0.6	13	 74.0	 29.1	  5.4	3	1013.4	6.3	163.0	 3.2
422	1985	7	  9.4	 12.7	 20.5	2	  6.8	  3.0	13	 79.0	 54.9	 13.2	10	1008.5	6.9	119.3	 4.2
422	1985	8	  8.4	 11.0	 17.4	15	  6.3	  0.0	27	 82.0	 64.7	 17.0	12	1008.3	6.7	90.6	 3.4
422	1985	9	  4.9	  8.2	 16.0	12	  2.4	 -3.0	7	 80.0	 23.0	  3.8	30	1010.4	6.3	66.8	 2.6
422	1985	10	  6.0	  9.3	 19.5	15	  3.0	 -3.8	10	 76.0	 42.2	 16.3	24	1005.2	6.1	48.4	 4.7
422	1985	11	 -1.5	  1.5	  9.3	1	 -4.7	-15.3	6	 76.0	 27.1	  7.7	4	1014.4	5.6	26.2	 3.5
422	1985	12	 -4.5	 -2.1	  2.5	11	 -7.3	-15.4	7	 82.0	 58.3	 19.6	4	1011.8	6.6	 0.4	 2.4
422	1986	1	 -1.6	  1.1	  7.0	26	 -4.5	-11.4	3	 82.0	 87.2	 21.2	11	 998.3	6.4	 1.8	 4.6
422	1986	2	 -0.8	  2.2	  9.2	13	 -3.6	-13.6	21	 80.0	  1.0	  0.6	11	1024.8	4.5	88.3	 3.1
422	1986	3	  0.2	  2.8	 10.0	10	 -2.4	-10.7	29	 80.0	 58.9	  9.3	22	 989.4	6.5	74.9	 4.6
422	1986	4	  2.4	  5.5	 10.6	24	 -0.3	-11.0	2	 72.0	 28.1	  7.9	26	1012.8	6.3	101.2	 3.4
422	1986	5	  3.4	  6.6	 14.5	19	  0.9	 -3.6	4	 76.0	 48.2	 30.6	22	1008.1	6.7	122.5	 3.6
422	1986	6	 10.7	 15.0	 24.0	27	  7.6	  1.3	9	 68.0	 23.8	  7.7	9	1009.6	5.9	195.6	 3.7
422	1986	7	  9.9	 13.4	 21.4	22	  6.8	  3.3	30	 76.0	 33.1	  8.7	4	1008.3	6.1	159.3	 3.1
422	1986	8	  9.9	 13.4	 18.3	8	  6.9	  2.7	19	 73.0	  9.2	  2.5	12	1015.9	6.0	158.7	 2.6
422	1986	9	  6.1	 10.3	 14.2	3	  2.5	 -3.6	14	 73.0	 19.7	  6.4	28	1012.8	5.3	124.5	 3.3
422	1986	10	  1.5	  4.6	 11.7	9	 -1.3	 -9.0	21	 77.0	 35.6	  8.0	12	 990.7	5.4	94.0	 3.2
422	1986	11	 -0.8	  1.7	  7.6	14	 -3.5	 -9.0	13	 82.0	106.1	 25.7	9	 992.9	6.5	11.5	 3.6
422	1986	12	 -1.9	  1.4	  9.5	23	 -4.9	-18.5	2	 77.0	 45.4	  9.1	13	 993.6	6.1	 0.0	 3.8
422	1987	1	  2.1	  4.6	 11.3	23	 -0.8	-11.6	1	 72.0	  5.8	  2.2	5	1014.4	5.6	 6.3	 3.5
422	1987	2	 -1.1	  1.7	  9.2	28	 -3.6	-15.8	16	 78.0	 30.2	 12.2	21	1007.7	6.4	21.5	 2.4
422	1987	3	 -0.3	  2.5	  9.5	5	 -2.7	-12.5	19	 77.0	 41.2	  6.9	27	1006.8	6.7	74.4	 4.2
422	1987	4	  3.3	  6.5	 15.0	23	  0.4	 -8.0	1	 71.0	 46.3	 15.0	3	1003.3	6.2	153.8	 3.6
422	1987	5	  7.7	 12.2	 23.3	26	  4.4	 -2.2	2	 68.0	  2.1	  1.2	8	1017.6	5.5	231.8	 3.4
422	1987	6	  9.1	 12.8	 17.5	27	  6.2	  0.8	17	 78.0	 11.0	  4.4	3	1017.2	5.8	195.0	 3.5
422	1987	7	 11.7	 15.1	 22.5	13	  9.2	  4.5	9	 82.0	 44.7	 12.1	7	1009.9	6.4	118.7	 2.3
422	1987	8	 10.1	 13.8	 19.5	14	  7.2	  3.3	31	 78.0	 11.8	  5.7	3	1015.5	5.8	144.6	 1.7
422	1987	9	  6.7	  9.3	 16.1	6	  4.7	  0.0	26	 79.0	 76.9	 15.9	22	1003.2	7.2	50.4	 2.8
422	1987	10	  1.4	  3.4	 14.2	4	 -0.4	 -6.8	29	 81.0	 95.7	 17.9	16	1002.4	6.6	44.6	 3.5
422	1987	11	  3.9	  6.5	 13.4	4	  1.1	 -5.0	23	 73.0	 34.4	 21.4	19	1005.5	6.5	11.6	 3.3
422	1987	12	  1.1	  3.9	 12.3	9	 -1.3	-13.0	26	 79.0	 38.3	 11.4	24	1006.5	7.1	 0.0	 3.1
422	1988	1	 -4.7	 -1.6	  8.5	16	 -8.2	-18.9	24	 78.0	 54.3	 10.3	13	1000.1	5.8	 5.6	 4.7
422	1988	2	 -2.6	  0.5	  8.4	26	 -5.5	-16.4	11	 78.0	 35.8	 16.2	2	1006.5	6.7	31.2	 4.7
422	1988	3	 -2.7	  1.0	  9.2	7	 -5.4	-16.1	13	 80.0	 24.4	  5.1	15	1008.3	6.3	75.3	 3.7
422	1988	4	 -1.8	  2.0	 14.1	26	 -4.7	-13.6	18	 79.0	 55.6	 24.9	15	1019.5	5.6	148.5	 4.2
422	1988	5	  6.5	 10.6	 17.1	23	  3.1	 -5.0	1	 70.0	 16.3	  7.4	28	1014.4	5.6	220.5	 4.6
422	1988	6	 11.3	 15.3	 24.0	10	  7.9	  2.4	3	 64.0	 12.3	  3.7	6	1009.5	5.7	223.2	 5.2
422	1988	7	  9.8	 13.0	 21.6	16	  7.5	  3.0	4	 81.0	 51.3	 10.0	27	1007.8	6.5	137.1	 4.4
422	1988	8	 11.0	 14.4	 20.0	10	  8.8	  2.2	21	 79.0	 54.2	 17.3	28	1003.4	6.8	92.8	 3.9
422	1988	9	  6.5	  9.4	 20.4	14	  4.5	 -2.8	30	 83.0	 74.3	 15.1	22	1005.3	6.9	23.9	 4.6
422	1988	10	  3.0	  6.3	 12.8	15	  0.6	 -7.1	9	 84.0	 33.1	  7.3	7	1009.6	5.8	37.6	 4.3
422	1988	11	  1.5	  4.7	 11.5	24	 -1.2	-10.5	17	 83.0	 29.5	  7.6	26	1008.4	5.7	 5.1	 4.0
422	1988	12	 -1.0	  2.4	 11.7	14	 -4.5	-18.0	25	 84.0	 52.0	 12.4	26	 998.9	6.5	NA	 5.0
422	1989	1	 -1.1	  1.9	 10.6	31	 -3.9	-10.7	22	 86.0	 94.1	 26.6	28	 988.8	6.2	NA	 4.9
422	1989	2	 -4.2	 -1.2	  8.5	1	 -6.9	-15.5	16	 85.0	166.0	 29.9	7	 987.5	6.9	13.1	 5.3
422	1989	3	 -2.2	  1.0	  8.4	31	 -5.7	-18.0	4	 85.0	126.7	 41.3	21	 990.9	6.0	NA	 4.3
422	1989	4	  0.2	  3.7	  8.5	1	 -2.5	-10.0	25	 83.0	 65.5	 15.3	20	1010.9	5.9	 0.0	 3.7
422	1989	5	  4.7	  8.5	 15.0	31	  2.1	 -1.3	9	 71.0	 15.1	  6.6	15	1008.5	6.5	126.1	 4.6
422	1989	6	  9.7	 13.9	 19.0	17	  6.6	  0.8	26	 69.0	  6.2	  2.8	17	1011.4	5.4	220.1	 4.3
422	1989	7	 12.2	 16.6	 23.0	23	  9.0	  2.0	1	 71.0	 38.6	 16.2	27	1008.9	5.9	192.9	 4.4
422	1989	8	 10.0	 13.4	 18.5	2	  7.7	  2.4	25	 80.0	 73.8	 22.6	12	1000.5	6.6	92.2	 4.3
422	1989	9	  7.0	 10.2	 18.5	29	  4.3	 -1.5	8	 78.0	 57.2	 10.9	26	1001.3	6.5	72.7	 5.0
422	1989	10	  3.8	  6.5	 14.1	3	  1.4	 -7.0	27	 82.0	 17.1	  4.9	21	1001.3	6.1	42.5	 3.5
422	1989	11	 -0.1	  2.7	 11.4	15	 -2.9	-10.5	19	 83.0	 33.8	 20.1	17	1009.6	5.5	20.7	 3.8
422	1989	12	 -1.0	  2.1	 13.3	1	 -4.3	-18.8	21	 77.0	 46.1	 10.2	18	1005.2	6.0	 0.0	 4.5
422	1990	1	 -0.8	  1.7	  8.5	1	 -2.9	 -7.8	14	 86.0	100.1	 14.1	24	 983.2	6.6	 1.4	 4.8
422	1990	2	 -2.6	 -0.0	  3.5	14	 -4.8	-16.1	28	 88.0	128.1	 18.3	26	 979.1	7.0	19.7	 4.1
422	1990	3	 -3.2	  0.4	  8.6	25	 -6.2	-16.4	1	 86.0	 62.6	  9.0	18	 995.9	6.4	71.9	 4.6
422	1990	4	 -0.7	  3.0	 10.7	21	 -3.3	-15.8	4	 79.0	 18.5	  5.6	28	1001.2	5.9	137.5	 4.7
422	1990	5	  7.2	 11.6	 17.8	27	  3.8	  0.0	4	 76.0	 13.3	  3.1	13	1019.0	5.6	201.1	 3.7
422	1990	6	  9.9	 13.9	 22.6	12	  7.1	  1.7	26	 74.0	 12.6	  4.9	21	1011.0	6.1	157.3	 4.4
422	1990	7	 12.5	 17.2	 23.5	14	  9.2	  4.4	4	 74.0	  8.9	  3.2	25	1009.3	6.2	153.9	 4.1
422	1990	8	 10.5	 14.2	 21.5	8	  7.7	  0.1	15	 80.0	 47.7	 12.5	29	1005.8	6.6	114.7	 3.8
422	1990	9	  6.3	  9.3	 16.5	10	  4.0	 -1.9	25	 76.0	 35.4	  9.7	19	1005.3	6.4	81.8	 5.2
422	1990	10	  3.7	  6.0	 11.1	22	  1.6	 -5.0	18	 84.0	 62.2	 15.0	12	1002.6	6.9	29.0	 4.4
422	1990	11	  1.7	  3.9	 11.6	6	 -0.6	 -9.0	3	 82.0	 20.2	  9.3	14	1010.4	6.2	24.6	 3.6
422	1990	12	 -0.5	  3.1	 12.5	13	 -4.1	-13.0	20	 78.0	 34.4	 11.5	26	 993.7	6.2	 0.0	 5.6
422	1991	1	  1.4	  4.4	 12.5	24	 -1.6	-10.1	20	 78.0	 98.3	 27.0	3	 996.7	6.2	 8.9	 6.6
422	1991	2	  0.0	  3.1	 10.5	5	 -2.2	-12.4	24	 82.0	 49.5	 30.4	5	1006.4	5.6	49.6	 5.2
422	1991	3	  1.4	  4.2	 12.0	25	 -0.9	 -6.8	30	 80.0	 56.9	 12.2	17	1006.2	6.8	42.6	 5.2
422	1991	4	  0.4	  4.3	 11.6	27	 -2.5	-12.9	4	 76.0	 39.5	 12.1	2	1008.4	5.9	150.7	 4.6
422	1991	5	  8.8	 12.8	 20.5	28	  5.9	  0.8	7	 71.0	 32.2	 14.6	6	1015.8	6.5	168.4	 4.7
422	1991	6	  8.1	 12.2	 20.1	30	  5.0	  0.7	3	 78.0	 14.9	  5.5	15	1013.7	5.2	250.0	 4.9
422	1991	7	 12.6	 16.1	 26.4	5	 10.0	  5.1	21	 84.0	 49.4	 16.6	15	1010.8	6.1	157.1	 4.2
422	1991	8	 11.6	 15.9	 20.5	4	  8.6	  3.5	24	 75.0	 16.2	  3.6	30	1001.1	6.0	162.2	 4.8
422	1991	9	  6.6	 11.3	 20.9	2	  3.7	 -2.6	27	 77.0	 52.1	  7.4	25	1006.5	6.0	96.8	 4.6
422	1991	10	  4.4	  7.1	 14.3	22	  2.0	 -6.6	18	 79.0	 94.2	 28.2	3	1008.5	6.4	53.2	 5.7
422	1991	11	 -1.0	  1.7	  6.5	2	 -3.4	-12.4	17	 83.0	140.6	 33.6	3	 996.7	7.0	 4.2	 4.9
422	1991	12	  0.5	  4.6	 13.2	30	 -3.3	-17.6	21	 76.0	 13.0	  4.5	2	1001.5	6.5	 0.5	 5.5
422	1992	1	  2.9	  7.5	 17.5	14	 -1.2	-13.4	4	 82.0	 41.9	 18.0	7	1003.0	6.4	 2.5	 6.5
422	1992	2	 -1.2	  3.1	 10.6	7	 -4.3	-12.2	5	 87.0	 38.8	  6.8	24	 992.2	6.8	18.1	 6.5
422	1992	3	 -0.8	  3.2	 11.2	24	 -3.6	-18.0	15	 80.0	 76.5	 27.7	8	1000.3	6.4	61.7	 4.9
422	1992	4	  1.9	  5.2	 11.1	22	 -0.4	 -6.9	7	 82.0	 23.9	 13.9	26	1007.4	6.8	70.6	 4.6
422	1992	5	  6.3	 10.8	 20.6	26	  3.2	 -6.4	10	 73.0	 14.9	  4.2	18	1009.9	6.1	182.7	 5.3
422	1992	6	  9.6	 14.4	 20.7	8	  6.6	  1.0	24	 67.0	 43.0	 10.9	12	1010.4	6.0	183.6	 6.4
422	1992	7	  9.7	 13.6	 21.0	6	  7.1	  2.9	1	 76.0	 24.5	  5.0	27	1008.5	6.0	166.1	 5.0
422	1992	8	  9.5	 13.0	 18.0	19	  7.2	  2.5	27	 77.0	109.3	 27.0	25	1003.2	6.6	130.4	 5.1
422	1992	9	  6.3	  9.6	 16.5	30	  4.3	  1.5	25	 82.0	 55.6	 13.2	7	1006.5	6.9	38.6	 4.6
422	1992	10	  3.8	  7.4	 16.5	7	  0.7	 -9.5	29	 77.0	 36.9	 10.9	8	1012.6	5.6	67.6	 4.3
422	1992	11	 -0.4	  2.5	  9.0	8	 -3.2	-13.1	22	 80.0	 59.0	 12.8	26	 989.4	5.9	 8.1	 4.7
422	1992	12	 -0.7	  2.0	 10.5	27	 -3.3	-11.5	13	 84.0	123.8	 16.0	17	 995.1	6.8	 0.0	 7.5
422	1993	1	 -4.3	 -0.8	  8.6	30	 -8.3	-15.8	25	 82.0	 49.8	  6.2	11	 986.0	6.5	 0.0	 5.7
422	1993	2	  0.5	  4.7	 11.2	7	 -2.9	-10.5	27	 76.0	 37.9	  6.2	16	1006.7	6.4	21.3	 6.2
422	1993	3	  0.8	  4.2	 10.6	1	 -1.8	 -9.0	22	 78.0	 37.9	  9.3	4	 996.7	6.1	84.8	 4.8
422	1993	4	  3.1	  6.9	 13.5	28	  0.3	 -4.6	24	 71.0	 17.3	  7.6	21	1007.7	6.0	142.2	 4.9
422	1993	5	  5.4	  9.6	 19.8	26	  2.5	 -4.2	3	 75.0	 32.6	  5.4	16	1020.7	6.3	168.7	 5.8
422	1993	6	  8.1	 11.8	 18.5	28	  5.5	  0.3	2	 76.0	 17.2	  4.5	27	1013.9	6.2	152.8	 4.5
422	1993	7	  7.5	 10.4	 16.5	17	  6.0	  4.0	10	 85.0	 31.2	  4.6	28	1013.1	7.2	58.5	 5.3
422	1993	8	  9.1	 13.0	 20.0	25	  6.4	  2.5	12	 80.0	 40.2	  9.8	20	1009.8	6.3	127.4	 4.6
422	1993	9	  8.7	 12.1	 15.3	3	  6.2	  0.0	18	 79.0	 10.7	  5.2	21	1011.9	6.0	94.3	 3.7
422	1993	10	  3.8	  7.2	 15.2	26	  1.0	 -8.2	16	 74.0	  4.0	  2.1	14	1019.0	6.0	65.9	 5.0
422	1993	11	  4.5	  8.0	 14.5	28	  1.9	 -2.8	13	 68.0	 18.3	 12.9	9	 993.6	6.1	18.1	 6.0
422	1993	12	 -3.4	 -0.1	  7.5	29	 -6.4	-12.7	11	 81.0	 75.8	 14.4	31	 996.1	6.9	 0.0	 4.2
422	1994	1	 -3.2	 -0.1	  6.5	18	 -5.9	-15.0	25	 82.0	 97.5	 11.8	11	 999.2	7.0	 3.5	 5.3
422	1994	2	 -0.1	  3.8	 10.0	19	 -2.8	-12.6	26	 78.0	 18.0	 12.4	14	1006.7	5.3	58.4	 4.5
422	1994	3	 -2.1	  1.3	  8.7	28	 -4.6	-15.5	20	 82.0	 31.3	  5.1	16	 988.1	6.6	54.1	 4.6
422	1994	4	  0.7	  3.9	 11.0	14	 -1.7	 -6.5	29	 77.0	 30.6	  8.8	5	1007.6	6.1	114.0	 4.7
422	1994	5	  6.9	 11.3	 14.0	29	  3.9	 -1.0	18	 70.0	  5.5	  2.2	2	1014.2	5.9	174.1	 4.1
422	1994	6	  7.8	 11.2	 19.5	12	  5.5	  1.0	2	 74.0	 36.1	 13.1	25	1003.7	6.6	120.3	 4.7
422	1994	7	 12.2	 16.3	 20.7	30	  9.5	  5.0	24	 77.0	 23.3	  8.1	30	1005.4	6.5	139.3	 4.1
422	1994	8	 11.4	 15.9	 23.5	6	  8.1	  0.8	30	 75.0	 33.3	 13.8	27	1010.3	5.6	187.3	 4.4
422	1994	9	  6.5	 10.5	 19.2	2	  3.7	 -5.1	29	 72.0	 12.3	  2.3	11	1010.3	5.2	129.9	 4.1
422	1994	10	  1.5	  4.5	 13.6	5	 -0.9	 -9.0	16	 83.0	 83.7	 12.0	30	1008.0	7.0	27.7	 3.8
422	1994	11	  0.8	  3.8	 10.5	26	 -1.6	 -8.4	18	 80.0	 61.7	  9.8	19	 999.9	6.2	17.6	 5.1
422	1994	12	 -1.4	  1.7	 11.0	2	 -4.1	-13.3	31	 78.0	 64.6	 10.6	8	 992.0	6.5	 0.0	 5.9
422	1995	1	 -2.9	 -0.1	  7.6	12	 -5.7	-14.8	28	 84.0	 87.7	 18.0	16	 992.9	7.1	 4.0	 6.1
422	1995	2	 -4.1	 -1.5	  3.5	3	 -6.6	-16.8	9	 85.0	 60.7	 24.8	20	 992.1	6.9	24.1	 4.4
422	1995	3	 -2.6	  0.7	 10.5	30	 -5.3	-14.0	28	 82.0	 79.9	 18.8	1	 999.2	6.4	71.5	 6.3
422	1995	4	 -0.2	  2.7	  8.0	23	 -2.3	 -9.0	4	 80.0	 27.2	  3.0	10	1019.5	6.3	128.2	 4.9
422	1995	5	  3.4	  6.7	 14.0	31	  1.2	 -3.5	11	 81.0	 43.5	 18.4	29	1017.1	6.5	117.4	 3.8
422	1995	6	 10.5	 14.7	 21.4	8	  7.4	  1.4	3	 70.0	  6.3	  2.6	17	1014.6	6.2	178.3	 5.1
422	1995	7	 10.1	 14.9	 23.0	2	  6.9	  2.5	6	 73.0	 17.1	 11.2	5	1010.0	6.1	166.6	 5.0
422	1995	8	 12.1	 16.7	 22.4	7	  9.1	  2.4	25	 71.0	 29.4	 11.0	29	1008.7	6.1	163.8	 4.6
422	1995	9	  7.4	 11.4	 17.5	13	  4.8	 -5.0	29	 73.0	 25.5	  8.9	26	1009.9	5.5	119.7	 4.2
422	1995	10	  2.3	  4.4	  7.5	2	  0.6	 -5.4	31	 85.0	176.3	 25.3	6	1001.7	7.2	18.1	 5.1
422	1995	11	  0.4	  3.1	  9.6	2	 -2.2	-11.8	26	 84.0	 13.7	  4.5	22	1018.2	6.0	19.5	 4.5
422	1995	12	 -2.5	  0.9	 11.5	10	 -5.4	-20.6	26	 75.0	 16.9	  7.3	10	1015.4	4.9	 0.0	 5.0
422	1996	1	  0.1	  3.0	 10.2	17	 -3.4	-14.5	1	 79.0	 15.8	  4.9	10	1004.5	5.7	16.3	 4.1
422	1996	2	 -2.0	  1.6	 12.2	21	 -5.3	-15.0	27	 78.0	 67.4	 14.8	8	1004.5	6.6	29.7	 5.6
422	1996	3	  3.1	  6.9	 11.5	2	  0.1	 -8.3	24	 66.0	  7.0	  2.3	1	1015.4	5.0	154.1	 5.7
422	1996	4	  2.9	  6.3	 12.2	8	  0.7	 -8.0	6	 74.0	 24.5	  6.8	3	1012.4	6.4	96.1	 5.2
422	1996	5	  6.5	 10.7	 16.3	11	  3.2	 -3.4	1	 68.0	  7.4	  3.0	6	1018.3	6.0	178.0	 4.8
422	1996	6	  8.9	 12.8	 21.5	24	  6.4	  0.3	3	 76.0	 31.1	  7.1	11	1010.9	6.6	128.6	 4.7
422	1996	7	 11.9	 16.4	 24.5	17	  8.7	  4.4	2	 72.0	 20.5	  7.8	26	1007.3	6.3	153.0	 4.8
422	1996	8	 10.6	 14.7	 21.0	8	  7.9	  2.7	26	 76.0	 44.9	 27.7	6	1007.9	6.1	125.8	 4.3
422	1996	9	 11.4	 14.8	 20.8	4	  8.8	  4.5	30	 76.0	 56.8	 17.3	28	1007.0	6.3	104.3	 4.6
422	1996	10	  3.1	  5.8	 12.0	5	  0.8	 -9.1	13	 79.0	 77.9	 18.4	21	 998.2	6.7	55.3	 4.5
422	1996	11	 -4.7	 -1.3	 12.0	14	 -8.0	-16.6	24	 82.0	 50.3	  7.7	21	1008.9	5.5	22.0	 4.3
422	1996	12	 -2.3	  0.5	  8.5	29	 -5.3	-13.5	16	 84.0	 31.6	  7.2	2	1015.9	5.9	 0.6	 4.1
422	1997	1	 -1.2	  2.2	 15.0	29	 -4.7	-13.0	19	 81.0	 44.7	 15.2	17	1008.9	5.7	10.0	 5.4
422	1997	2	 -2.3	  1.0	  8.2	1	 -4.9	-15.5	26	 83.0	 51.9	 17.8	28	 984.0	6.6	32.1	 4.8
422	1997	3	 -1.8	  1.8	 10.4	8	 -4.6	-15.8	16	 80.0	 41.8	  9.4	9	1001.1	6.1	60.5	 4.8
422	1997	4	  3.0	  7.6	 16.7	14	 -0.5	-10.1	4	 76.0	 11.4	  2.5	3	1014.3	6.4	103.0	 4.8
422	1997	5	  4.9	  8.6	 18.5	31	  2.0	 -5.7	6	 75.0	  4.8	  1.4	1	1019.7	6.4	151.5	 5.3
422	1997	6	  7.6	 12.7	 24.6	3	  4.7	 -2.1	7	 75.0	 14.6	  4.2	9	1016.4	6.2	165.4	 5.0
422	1997	7	 12.7	 17.0	 23.0	23	 10.0	  5.8	6	 82.0	 36.2	 13.6	15	1009.6	6.7	132.2	 4.3
422	1997	8	 10.8	 15.1	 21.0	15	  8.0	  2.2	10	 81.0	 35.8	  8.5	15	1005.8	5.9	146.1	 4.5
422	1997	9	  8.0	 11.8	 21.5	23	  5.3	 -2.6	13	 68.0	 36.0	 11.7	5	1005.8	5.9	77.4	 5.4
422	1997	10	  3.6	  6.8	 13.0	28	  1.2	 -5.5	11	 78.0	 66.7	 23.8	7	1010.7	6.8	31.8	 4.0
422	1997	11	  2.0	  4.0	  9.2	22	  0.2	 -4.1	30	 83.0	 48.6	 15.2	19	1003.3	7.0	 3.3	 3.3
422	1997	12	  0.6	  4.0	 14.8	15	 -2.4	-10.7	29	 77.0	 43.8	 16.5	31	1000.3	5.4	 2.2	 4.3
422	1998	1	 -0.6	  2.6	 10.2	26	 -3.3	-15.7	18	 79.0	 58.0	 11.2	12	1005.8	6.5	 8.4	 5.3
422	1998	2	 -3.2	  1.3	 10.6	17	 -6.6	-15.9	12	 75.0	 70.3	 12.8	20	 995.9	5.8	52.2	 5.1
422	1998	3	 -2.3	  1.8	 11.8	14	 -5.5	-20.5	7	 70.0	 33.3	  8.6	2	1007.0	6.1	95.5	 5.3
422	1998	4	  1.5	  5.5	 15.0	2	 -1.0	 -8.5	9	 79.0	 26.2	  6.9	24	1014.2	6.0	110.5	 4.1
422	1998	5	  7.3	 12.0	 19.0	26	  3.7	 -3.3	9	 66.0	  5.7	  2.8	7	1015.1	5.5	190.9	 5.4
422	1998	6	  7.9	 11.6	 15.6	16	  5.0	 -0.1	3	 81.0	  9.1	  7.3	22	1018.0	5.8	205.3	 4.6
422	1998	7	  8.6	 12.4	 22.5	3	  6.0	  3.5	20	 84.0	 45.9	 14.8	8	1009.6	6.7	101.0	 4.6
422	1998	8	 10.9	 15.5	 20.0	12	  7.3	  0.7	25	 79.0	 30.4	  6.8	4	1004.7	6.2	122.9	 4.2
422	1998	9	  6.6	  9.9	 18.5	3	  4.3	 -2.5	30	 80.0	 50.2	  9.7	11	1015.0	6.6	62.4	 4.2
422	1998	10	  1.3	  4.2	 14.7	6	 -1.0	-13.3	18	 80.0	 65.4	 17.9	22	1003.0	6.5	37.8	 4.8
422	1998	11	 -0.5	  2.9	  9.0	30	 -3.8	-15.1	7	 79.0	 71.6	 12.4	1	1002.7	5.5	17.2	 3.9
422	1998	12	 -0.2	  2.5	  9.9	7	 -3.2	-12.8	20	 79.0	 83.7	 22.4	25	 994.6	6.7	 0.4	 5.0
422	1999	1	 -1.8	  2.0	 12.1	31	 -5.1	-14.0	23	 81.0	 60.6	 15.2	16	 995.5	6.3	 7.6	 5.0
422	1999	2	 -1.9	  1.9	 10.5	1	 -4.8	-16.2	17	 76.0	 47.2	 11.6	21	 996.0	6.3	37.0	 5.6
422	1999	3	 -3.8	 -0.3	  3.8	11	 -6.2	-13.8	9	 81.0	 63.5	 22.6	11	1008.9	6.3	59.7	 4.5
422	1999	4	  0.2	  4.3	 12.1	27	 -3.2	-13.1	1	 78.0	 31.7	  9.6	13	1014.6	5.3	164.6	 4.2
422	1999	5	  6.7	 11.2	 18.0	16	  3.8	 -0.7	10	 70.0	 40.2	 12.9	22	1008.6	6.2	147.6	 5.3
422	1999	6	 10.3	 15.3	 23.5	29	  7.2	  2.5	1	 68.0	 27.8	 13.7	15	1008.1	5.7	191.3	 4.9
422	1999	7	 11.7	 16.2	 22.8	9	  8.6	  5.0	2	 73.0	 19.2	  6.9	14	1009.2	5.7	173.6	 4.6
422	1999	8	 11.6	 15.2	 21.5	22	  9.1	  3.6	18	 75.0	 27.8	 16.7	15	1012.6	6.1	142.7	 3.8
422	1999	9	  7.1	 10.9	 18.2	20	  4.9	 -3.0	28	 81.0	 75.4	 22.6	9	 999.7	6.5	63.3	 3.9
422	1999	10	  3.8	  6.8	 14.7	15	  1.3	 -5.5	9	 79.0	 75.8	 28.4	2	1005.3	5.7	67.9	 5.2
422	1999	11	  1.4	  4.9	 17.0	11	 -1.1	-11.0	28	 78.0	 59.6	 17.4	4	1002.2	6.2	12.7	 6.1
422	1999	12	 -2.0	  1.1	  6.9	20	 -5.0	-14.8	5	 81.0	 51.0	 10.8	3	 995.9	6.5	 0.0	 5.4
422	2000	1	  0.7	  4.2	 14.2	24	 -2.5	-11.6	31	 75.0	 62.4	 13.6	29	1003.5	5.9	 5.6	 5.3
422	2000	2	 -2.2	  0.9	  7.6	6	 -5.0	-13.5	13	 83.0	 92.3	 18.6	28	 990.2	6.7	23.5	 5.3
422	2000	3	 -0.3	  3.7	 14.3	28	 -3.1	-12.8	4	 76.0	 49.4	  8.6	3	1008.0	6.7	62.0	 6.2
422	2000	4	  0.5	  4.9	 14.0	30	 -2.7	-10.6	2	 72.0	  7.5	  2.5	15	1018.7	5.4	196.3	 5.3
422	2000	5	  7.3	 11.7	 21.0	12	  4.5	 -3.0	20	 67.0	 17.7	  6.7	17	1008.1	6.0	175.8	 6.4
422	2000	6	  9.1	 13.9	 22.0	29	  5.5	 -1.0	3	 69.0	 14.4	  5.3	17	1014.1	4.7	284.8	 4.6
422	2000	7	 12.3	 16.4	 24.5	24	 10.0	  6.5	9	 75.0	 15.0	  8.1	4	1013.1	5.9	190.7	 4.9
422	2000	8	 11.3	 16.0	 22.6	8	  8.3	  2.8	6	 78.0	 47.2	 20.0	10	1009.4	6.0	149.8	 4.3
422	2000	9	  8.4	 12.9	 18.3	25	  5.5	 -3.5	19	 74.0	 30.2	 14.1	8	1004.7	5.8	124.0	 4.6
422	2000	10	  3.6	  6.8	 15.0	6	  1.6	 -4.2	12	 80.0	 60.7	 15.3	16	 995.6	6.4	53.5	 3.9
422	2000	11	  0.3	  3.1	  7.5	15	 -1.8	 -9.6	8	 84.0	114.2	 28.3	30	1004.6	7.1	10.1	 4.8
422	2000	12	 -1.1	  1.9	  8.0	20	 -3.6	-14.2	30	 82.0	 48.4	 11.1	7	1007.9	6.9	 0.0	 4.5
422	2001	1	  1.2	  3.8	 10.4	14	 -1.0	 -8.0	9	 76.0	 25.6	  7.5	28	1002.6	6.6	 2.5	 4.7
422	2001	2	 -0.6	  2.5	 10.0	17	 -3.4	-11.3	26	 77.0	 34.0	  7.3	16	1010.3	6.4	28.2	 5.6
422	2001	3	 -2.8	  0.2	  4.7	9	 -5.4	-12.6	24	 82.0	 40.4	  6.8	5	1009.1	6.2	94.4	 4.2
422	2001	4	  1.4	  5.6	 12.8	19	 -1.5	-12.0	11	 76.0	 37.5	 10.8	2	1011.3	5.9	126.5	 4.0
422	2001	5	  7.0	 11.1	 18.5	5	  4.1	 -2.6	3	 70.0	 15.1	  3.1	21	1013.2	6.2	168.7	 5.0
422	2001	6	  8.1	 12.5	 20.2	25	  4.7	 -0.3	7	 74.0	 14.7	  6.6	19	1014.1	5.6	244.1	 5.1
422	2001	7	 10.7	 14.4	 20.0	5	  8.3	  5.2	26	 79.0	 37.7	  9.7	9	1011.1	6.7	128.4	 4.0
422	2001	8	  9.9	 13.5	 19.0	19	  7.5	  2.2	28	 80.0	 31.0	  9.0	12	1006.0	6.4	131.6	 3.9
422	2001	9	  8.4	 12.3	 17.9	4	  5.5	 -1.2	28	 79.0	 22.9	  5.4	20	1011.7	6.6	81.2	 4.2
422	2001	10	  4.3	  7.3	 13.3	9	  2.3	 -5.8	31	 83.0	126.7	 51.9	7	1000.5	6.6	46.0	 4.1
422	2001	11	  1.1	  5.3	 15.7	9	 -2.3	-11.7	29	 77.0	 60.1	 14.8	25	1001.1	6.3	 8.2	 5.9
422	2001	12	  1.5	  5.2	 13.3	14	 -1.7	-12.2	30	 76.0	 25.3	  4.3	4	1014.0	5.8	 0.7	 5.3
422	2002	1	 -0.5	  3.0	 13.0	7	 -3.5	-18.5	25	 77.0	100.2	 15.4	20	 998.3	6.1	10.5	 4.3
422	2002	2	 -5.0	 -1.6	  7.0	15	 -7.9	-17.0	28	 86.0	 84.3	 14.5	22	 996.4	6.7	25.7	 4.9
422	2002	3	 -2.2	  1.6	  7.8	2	 -5.7	-14.5	8	 85.0	 29.1	  7.9	28	1005.1	5.9	81.7	 3.8
422	2002	4	  3.5	  7.7	 14.5	20	  0.9	 -5.7	27	 77.0	 22.8	  3.8	28	1003.5	6.5	110.2	 5.7
422	2002	5	  5.2	  9.6	 17.1	24	  2.4	 -2.5	3	 80.0	 25.7	  6.6	23	1011.2	6.2	160.7	 5.1
422	2002	6	  9.5	 13.5	 21.5	8	  6.6	  2.6	19	 76.0	 30.0	 13.3	18	1008.8	6.0	156.9	 4.5
422	2002	7	 10.9	 15.0	 22.0	19	  8.1	  4.5	5	 75.0	 32.7	  9.8	11	1006.9	6.6	114.8	 4.2
422	2002	8	 10.2	 13.7	 20.0	25	  7.7	  2.7	18	 80.0	 49.1	 19.6	29	1008.7	6.7	95.6	 4.1
422	2002	9	  9.2	 13.2	 20.6	14	  6.7	  0.3	29	 80.0	 80.8	 41.9	6	1013.7	6.1	81.4	 3.4
422	2002	10	  4.0	  7.2	 17.6	5	  1.9	-10.5	28	 84.0	 50.7	 10.5	26	1013.0	6.2	43.9	 4.7
422	2002	11	  3.6	  5.8	  9.7	19	  1.0	-12.7	1	 79.0	 68.6	 21.1	7	1001.7	6.7	11.3	 3.8
422	2002	12	  2.4	  5.3	 13.2	6	  0.0	 -8.2	29	 76.0	 15.6	  6.8	1	1008.0	5.5	 0.3	 4.1
422	2003	1	 -1.1	  1.8	  8.8	11	 -3.8	-12.4	22	 80.0	 49.3	  8.2	17	1007.0	6.0	 1.8	 4.0
422	2003	2	  2.0	  5.0	 11.3	18	 -0.7	-10.9	5	 73.0	 47.3	 11.1	20	 996.3	6.3	32.8	 5.5
422	2003	3	  3.4	  7.3	 14.5	24	  0.8	-10.7	11	 71.0	 32.1	 20.5	6	1002.9	5.9	102.2	 5.5
422	2003	4	  5.6	  9.9	 18.4	18	  2.8	 -4.6	2	 72.0	 13.1	  4.3	5	1015.2	6.8	88.9	 5.1
422	2003	5	  5.2	  9.0	 14.1	16	  2.1	 -5.6	5	 75.0	 21.1	 11.5	19	1011.8	5.6	214.5	 4.4
422	2003	6	 10.6	 14.5	 22.0	26	  7.8	  3.5	22	 76.0	 25.6	  6.4	20	1009.5	6.1	151.1	 4.1
422	2003	7	 11.7	 14.9	 20.5	17	  9.5	  6.0	11	 81.0	 46.5	 12.6	4	1008.6	6.8	110.9	 3.9
422	2003	8	 12.8	 16.8	 22.8	9	  9.9	  2.7	28	 81.0	 37.5	 14.6	21	1012.5	6.3	126.4	 3.8
422	2003	9	  8.3	 12.5	 19.0	1	  5.3	 -2.7	26	 73.0	 47.6	 13.8	22	1005.9	5.6	121.9	 4.9
422	2003	10	  3.6	  7.6	 18.2	26	  0.9	 -6.2	11	 80.0	 33.1	  7.9	6	1012.6	6.2	58.2	 4.0
422	2003	11	  0.5	  3.4	 12.5	7	 -2.0	 -8.5	5	 84.0	 81.0	 19.0	1	 997.5	5.8	16.2	 4.1
422	2003	12	 -1.3	  2.2	 11.0	6	 -4.7	-14.4	29	 81.0	 92.6	 13.9	17	1005.9	7.0	 0.0	 4.5
422	2004	1	 -2.4	  0.8	  8.0	21	 -5.1	-12.8	17	 83.0	102.8	 20.9	12	 999.8	6.4	 4.2	 4.0
422	2004	2	  0.5	  4.3	 14.5	19	 -3.0	-14.2	8	 77.0	 19.7	  5.2	4	1012.5	6.2	38.0	 4.1
422	2004	3	  3.9	  7.1	 13.3	8	  1.3	 -5.1	23	 75.0	 31.9	 14.0	17	1004.2	6.2	72.5	 3.6
422	2004	4	  4.6	  8.7	 14.5	30	  1.7	 -4.0	7	 77.0	 18.6	  4.2	11	1004.6	6.7	82.9	 3.5
422	2004	5	  6.2	 10.1	 19.6	25	  3.3	 -2.5	20	 79.0	 30.7	  6.2	13	1013.6	6.7	114.0	 3.5
422	2004	6	  9.9	 13.9	 21.0	28	  6.7	  0.5	18	 73.0	 17.5	  4.8	3	1013.7	5.6	188.1	 2.9
422	2004	7	 12.6	 16.6	 21.9	28	  9.2	  3.7	4	 72.0	 22.7	  9.4	15	1008.0	5.7	212.7	 3.0
422	2004	8	 12.1	 17.2	 23.8	13	  8.2	  3.0	30	 75.0	 15.7	  4.5	26	1011.9	5.1	209.0	 2.3
422	2004	9	  8.8	 12.8	 19.1	1	  6.1	 -1.4	15	 75.0	 56.9	 17.9	21	1002.2	6.3	72.1	 2.6
422	2004	10	  3.3	  6.4	 15.0	1	  0.8	 -8.9	28	 85.0	 87.8	 32.3	4	1009.1	6.5	36.0	 3.4
422	2004	11	 -0.0	  3.6	 17.5	6	 -3.8	-15.0	21	 89.0	 62.0	 20.1	9	1008.8	6.4	22.6	 3.0
422	2004	12	 -1.5	  2.6	  9.2	13	 -4.3	-16.2	23	 82.0	 39.8	  7.6	25	 990.8	5.8	 0.0	 3.7
422	2005	1	 -0.6	  2.6	 11.7	30	 -3.7	-11.9	13	 81.0	 58.2	 18.8	4	 998.1	6.7	10.1	 3.5
422	2005	2	  0.8	  4.7	 13.3	21	 -2.1	-11.0	5	 80.0	 11.1	  4.3	4	1013.2	5.6	53.5	 3.1
422	2005	3	  2.5	  6.6	 14.4	26	 -0.9	-11.0	15	 84.0	 20.6	  6.7	18	1015.8	5.5	109.1	 3.0
422	2005	4	  2.9	  6.5	 14.6	20	  0.4	 -9.5	7	 80.0	 28.1	  9.4	3	1010.7	6.5	100.1	 3.1
422	2005	5	  4.4	  8.4	 15.5	12	  1.1	 -4.5	18	 70.0	  6.5	  2.2	31	1018.9	5.1	246.1	 3.4
422	2005	6	  9.5	 13.2	 19.6	28	  6.6	  1.2	5	 74.0	 55.3	 21.5	6	1013.5	6.2	157.1	 3.3
422	2005	7	 11.9	 15.9	 22.5	15	  9.4	  4.9	27	 78.0	 38.2	 15.5	11	1009.3	5.9	202.9	 3.1
422	2005	8	  9.5	 13.0	 21.0	20	  7.2	  1.4	28	 83.0	 74.2	 18.6	26	1005.5	6.8	83.8	 3.2
422	2005	9	  4.7	  8.2	 15.0	4	  2.2	 -2.8	24	 88.0	 92.1	 23.5	27	1004.9	6.4	79.3	 2.8
422	2005	10	  1.0	  4.2	 13.0	15	 -1.2	 -8.2	26	 90.0	103.5	 13.6	29	1005.8	6.8	37.7	 2.6
422	2005	11	 -0.3	  2.2	  9.6	20	 -3.3	 -9.8	4	 80.0	 38.1	 14.1	7	1006.1	6.1	16.2	 2.9
422	2005	12	  0.7	  4.4	 12.3	14	 -2.4	-10.5	7	 78.0	 35.7	 11.3	3	1005.0	6.0	 0.0	 2.9
422	2006	1	  1.8	  4.9	 11.1	5	 -1.1	 -9.3	18	 75.0	 26.6	  6.4	12	 995.3	5.6	 7.3	 3.7
422	2006	2	  1.9	  5.5	 11.6	21	 -1.0	-11.5	9	 77.0	 20.5	 13.1	17	1010.7	6.0	42.6	 3.1
422	2006	3	 -0.5	  2.5	 13.8	17	 -3.1	-10.0	24	 78.0	 60.8	 16.0	29	1015.8	6.5	74.5	 2.6
422	2006	4	  1.7	  5.6	 17.5	28	 -1.3	-13.1	2	 73.0	 25.1	  7.0	6	1001.6	6.2	113.7	 4.0
422	2006	5	  4.5	  8.2	 15.9	6	  1.8	 -2.6	22	 75.0	 39.4	  8.3	24	1015.3	5.7	188.1	 3.4
422	2006	6	 10.9	 15.4	 20.0	10	  7.4	  1.4	13	 67.0	  9.6	  3.6	6	1008.0	5.8	188.1	 2.9
422	2006	7	 10.6	 14.8	 22.9	28	  7.6	  2.3	10	 79.0	 18.6	  6.7	22	1008.4	6.2	151.1	 2.8
422	2006	8	 11.3	 15.2	 23.0	4	  8.2	  2.2	20	 84.0	 47.3	 13.1	31	1011.0	5.9	142.7	 2.7
422	2006	9	  8.6	 12.0	 17.4	15	  6.2	  0.1	26	 79.0	 50.3	 18.1	1	1005.8	6.5	74.2	 2.3
422	2006	10	  3.5	  6.5	 14.4	14	  1.5	 -5.8	31	 82.0	 75.8	 20.0	9	1011.7	6.8	41.8	 2.2
422	2006	11	 -1.1	  2.0	 12.4	5	 -4.1	-15.2	18	 78.0	 94.0	 21.9	29	 996.6	6.4	 9.9	 3.0
422	2006	12	  1.9	  5.1	 13.2	20	 -0.7	-12.9	16	 79.0	 80.1	 16.8	8	 991.1	6.3	 0.0	 3.0
422	2007	1	 -1.5	  2.1	 11.5	24	 -4.7	-17.0	16	 77.0	 43.1	  8.5	15	 997.8	6.0	 1.7	 2.6
422	2007	2	 -2.1	  1.3	 10.0	3	 -4.2	-13.9	7	 78.0	 21.0	  5.5	25	1007.7	5.4	39.5	 2.3
422	2007	3	  2.0	  5.1	 14.1	31	 -0.5	 -9.3	20	 75.0	 57.9	 18.8	9	 996.7	6.7	50.6	 3.3
422	2007	4	  4.9	  9.7	 21.5	29	  1.5	 -7.9	19	 72.0	 43.9	 14.6	21	1009.0	5.4	150.8	 3.0
422	2007	5	  4.5	  8.3	 18.4	1	  1.9	 -2.5	11	 73.0	 11.5	  4.6	25	1009.4	6.6	123.7	 3.3
422	2007	6	 10.7	 15.1	 19.5	22	  7.8	  4.2	12	 72.0	  0.4	  0.2	10	1017.7	5.7	216.8	 3.2
422	2007	7	 10.7	 14.8	 22.0	20	  8.1	  5.5	16	 79.0	 17.3	  7.2	6	1012.4	6.1	194.1	 2.8
422	2007	8	 10.0	 13.5	 18.5	21	  7.5	  2.5	27	 80.0	 58.1	 15.9	24	1010.8	6.4	132.3	 2.8
422	2007	9	  7.2	 11.0	 18.0	10	  4.9	 -1.5	17	 76.0	 60.4	 18.7	13	1007.7	6.5	76.4	 3.4
422	2007	10	  5.1	  9.1	 18.0	19	  2.5	 -5.0	17	 75.0	100.8	 30.3	11	1000.1	5.8	52.9	 3.3
422	2007	11	  1.2	  4.7	 12.3	15	 -2.4	-10.0	25	 77.0	 13.1	  2.4	2	1009.6	6.0	19.1	 3.1
422	2007	12	  0.8	  4.3	 12.6	20	 -2.7	-11.3	10	 77.0	 60.1	 11.2	3	 997.6	6.0	 0.0	 3.3
422	2008	1	 -1.5	  1.7	  9.5	1	 -4.4	-11.0	13	 81.0	 39.8	  8.5	31	 994.9	5.8	 9.1	 2.9
422	2008	2	 -0.3	  2.6	 11.2	18	 -2.9	-13.1	2	 76.0	 69.4	 23.6	2	 997.3	6.3	16.3	 3.4
422	2008	3	 -1.4	  2.1	  8.6	5	 -3.6	-12.8	4	 82.0	 70.9	 14.6	31	1003.7	6.6	37.6	 2.6
422	2008	4	  1.4	  5.2	 11.6	24	 -1.5	 -6.6	5	 78.0	 13.9	  6.1	10	1019.0	5.5	151.0	 2.8
422	2008	5	  8.0	 12.2	 19.4	25	  5.1	 -1.0	10	 79.0	 20.9	  3.4	21	1019.9	6.4	136.1	 2.4
422	2008	6	  9.1	 12.7	 18.5	6	  6.3	  3.2	23	 78.0	 32.0	 13.0	29	1014.9	5.5	210.5	 3.0
422	2008	7	 12.3	 16.5	 24.8	30	  9.3	  4.4	19	 83.0	 38.5	 13.2	2	1010.6	5.7	206.4	 2.6
422	2008	8	 11.5	 15.9	 21.0	17	  8.4	  3.7	12	 83.0	 13.7	  5.0	26	1004.9	5.7	163.4	 2.5
422	2008	9	  9.8	 13.5	 19.5	17	  7.2	  1.2	30	 81.0	 33.3	 10.5	12	1004.3	6.1	107.8	 3.0
422	2008	10	  1.1	  4.0	 10.6	8	 -1.4	 -8.6	3	 80.0	 86.8	 25.9	23	 998.3	6.1	44.3	 3.5
422	2008	11	  1.1	  4.6	 12.5	25	 -1.3	 -6.7	30	 82.0	 45.9	  8.1	10	1005.9	6.6	 6.6	 3.1
422	2008	12	 -0.3	  2.9	 11.0	24	 -3.5	-10.8	3	 78.0	 42.6	  8.4	4	1002.0	5.6	 0.0	 3.0
422	2009	1	  0.3	  3.0	 10.3	7	 -2.3	 -9.0	13	 83.0	104.6	 20.6	23	 990.9	6.3	14.5	 2.4
422	2009	2	 -3.6	 -0.1	  8.8	18	 -6.5	-14.2	27	 78.0	 28.8	 13.1	21	1010.7	5.2	35.9	 1.9
422	2009	3	 -1.0	  2.2	 10.4	18	 -3.4	-14.2	28	 78.0	 57.9	 12.3	8	1002.7	6.7	50.6	 3.3
422	2009	4	  3.5	  7.0	 14.5	29	  1.2	 -3.8	13	 77.0	 26.8	  9.3	1	1006.5	6.6	81.8	 2.5
422	2009	5	  7.3	 11.3	 18.5	14	  4.2	 -0.1	9	 68.0	 36.5	 10.0	5	1007.0	5.3	210.6	 3.4
422	2009	6	  9.7	 13.5	 18.0	21	  6.7	  1.2	20	 73.0	 16.1	 10.6	18	1018.6	5.8	190.7	 2.8
422	2009	7	 11.1	 14.8	 21.5	2	  8.5	  3.8	26	 77.0	 30.4	 10.7	28	1014.1	5.3	212.2	 2.9
422	2009	8	 10.5	 14.2	 19.8	7	  8.0	  2.3	22	 79.0	 42.5	 12.6	5	1005.2	6.7	86.4	 2.6
422	2009	9	  7.9	 12.1	 20.2	12	  5.1	 -3.6	28	 73.0	 42.7	 17.4	25	1002.5	5.6	109.6	 2.6
422	2009	10	  2.8	  6.0	 17.6	14	  0.6	 -6.6	4	 77.0	 52.0	 14.3	18	1011.1	6.4	40.4	 2.2
422	2009	11	  1.2	  3.6	  9.4	9	 -0.5	 -6.7	18	 84.0	 87.3	 16.6	20	 997.7	6.8	18.2	 2.1
422	2009	12	 -1.0	  1.9	 12.2	13	 -3.6	-13.4	28	 83.0	127.4	 21.2	25	1012.2	5.9	 0.0	 2.7
422	2010	1	  0.1	  3.4	 12.6	25	 -2.9	-15.5	2	 73.0	  0.8	  0.3	16	1010.7	4.8	12.5	 2.6
422	2010	2	 -3.0	  0.1	  7.4	11	 -5.4	-12.8	24	 82.0	 86.0	 17.9	16	1017.1	5.6	34.2	 2.2
422	2010	3	  1.1	  4.1	  9.2	6	 -1.0	-15.3	2	 77.0	 48.4	 14.5	24	1012.2	6.7	54.6	 2.7
422	2010	4	  1.5	  5.5	 12.6	10	 -1.4	 -9.0	2	 68.0	 34.1	 12.0	3	1013.4	5.5	147.5	 2.8
422	2010	5	  6.5	 10.8	 18.0	4	  3.2	 -3.2	11	 74.0	 25.5	 11.8	15	1018.8	5.8	177.1	 2.8
422	2010	6	 11.2	 15.6	 20.6	19	  7.8	  3.2	3	 74.0	  2.0	  0.7	11	1015.8	4.9	256.0	 2.8
422	2010	7	 11.1	 14.6	 20.6	22	  9.0	  5.8	20	 83.0	 47.0	 10.2	8	1006.8	6.3	138.0	 2.6
422	2010	8	 11.4	 14.5	 19.4	13	  9.0	  2.5	29	 81.0	 58.1	 14.3	23	1012.8	6.5	103.8	 2.5
422	2010	9	  9.7	 13.7	 23.6	4	  6.9	 -0.5	23	 75.0	 23.7	 19.9	15	1009.4	5.7	100.3	 2.5
422	2010	10	  4.3	  7.4	 14.0	8	  2.2	 -8.4	25	 82.0	 58.3	 11.2	5	1006.5	6.1	44.3	 2.0
422	2010	11	 -1.5	  1.2	  6.2	19	 -4.1	 -9.6	6	 83.0	 90.2	 25.5	13	1012.6	5.8	26.9	 2.5
422	2010	12	 -0.7	  3.1	 12.3	31	 -4.0	-17.1	23	 75.0	 47.2	 14.7	20	1016.8	6.1	 1.5	 3.7
422	2011	1	  0.4	  3.3	 10.6	23	 -3.0	-10.9	6	 80.0	 64.4	 18.9	11	1007.4	6.8	 2.1	 3.4
422	2011	2	  0.1	  3.1	  9.6	28	 -2.4	 -9.6	7	 77.0	 34.6	  6.8	21	 991.1	5.6	39.3	 2.6
422	2011	3	 -1.0	  2.3	 10.6	3	 -3.6	-12.5	10	 75.0	 79.2	 19.9	2	1003.7	6.4	58.8	 3.3
422	2011	4	  5.6	  9.6	 15.6	9	  2.7	 -3.2	4	 66.0	 14.6	  7.8	14	 995.9	5.8	150.2	 3.5
422	2011	5	  5.2	  9.0	 16.5	9	  2.7	 -1.9	25	 76.0	 55.0	 13.1	19	1010.6	6.6	120.4	 3.2
422	2011	6	  6.7	  9.9	 14.2	26	  4.4	 -1.1	7	 75.0	 19.4	  4.3	28	1016.5	6.2	136.8	 3.1
422	2011	7	 12.0	 16.1	 22.1	27	  8.6	  3.4	10	 73.0	  8.8	  3.9	25	1014.3	5.7	197.1	 2.6
422	2011	8	  9.9	 13.4	 19.6	30	  7.2	  1.5	27	 79.0	 24.5	  7.4	15	1013.0	6.3	115.6	 2.3
422	2011	9	  7.9	 11.5	 17.1	1	  5.5	 -2.6	10	 81.0	 64.9	 13.7	25	 997.8	6.1	95.8	 2.5
422	2011	10	  3.4	  6.3	 14.1	13	  1.3	 -3.6	19	 82.0	145.2	 25.7	6	 996.3	6.7	43.1	 3.3
422	2011	11	  2.9	  5.8	 14.1	8	  0.6	-11.1	30	 80.0	 82.4	 17.9	3	 994.7	5.8	19.2	 2.8
422	2011	12	 -4.0	 -1.1	  5.8	22	 -6.9	-16.8	6	 77.0	 50.0	  8.8	16	 991.4	6.2	 0.7	 2.6
422	2012	1	  0.3	  3.3	 10.0	29	 -2.6	-10.3	27	 77.0	 72.7	  9.6	6	 996.5	6.6	 4.1	 3.1
422	2012	2	  2.3	  5.7	 12.1	14	 -0.4	 -7.1	21	 70.0	 40.2	  6.0	18	1002.9	6.0	38.6	 2.9
422	2012	3	  3.1	  7.3	 15.2	29	  0.1	-12.3	18	 70.0	 33.9	 11.4	4	1003.3	6.0	83.9	 3.4
422	2012	4	  2.1	  6.6	 16.8	30	 -0.6	 -8.2	3	 71.0	 26.1	  9.6	10	1014.8	5.9	134.8	 2.3
422	2012	5	  5.9	 10.4	 20.1	28	  2.0	 -4.6	7	 64.0	 12.4	  5.6	14	1019.2	4.5	287.4	 3.4
422	2012	6	  8.9	 13.0	 19.2	22	  5.6	  2.8	1	 72.0	  9.9	  3.5	7	1018.4	4.7	258.2	 3.1
422	2012	7	 11.7	 16.2	 20.0	7	  7.8	  3.1	17	 74.0	 25.4	  8.5	23	1012.6	5.3	237.4	 2.9
422	2012	8	 12.1	 16.2	 24.4	9	  9.3	  2.0	26	 74.0	  8.4	  5.8	22	1011.5	5.9	194.3	 2.7
422	2012	9	  6.0	  9.4	 18.0	2	  3.7	 -2.2	12	 79.0	140.6	 42.8	10	1001.5	6.6	84.7	 3.5
422	2012	10	  2.0	  5.3	 11.2	11	 -0.3	-10.9	26	 81.0	 31.2	 11.5	4	1013.2	5.4	83.2	 2.3
422	2012	11	 -1.1	  1.3	  8.6	5	 -3.5	 -9.8	12	 84.0	127.3	 17.1	18	1000.4	6.7	 7.9	 3.6
422	2012	12	 -1.3	  1.8	  7.0	20	 -3.7	-10.9	14	 82.0	 50.8	 10.7	17	1006.2	6.0	 0.0	 2.7
422	2013	1	  1.0	  4.2	 11.3	5	 -1.4	 -9.2	31	 81.0	 48.3	  7.8	30	1000.7	6.0	 7.2	 2.3
422	2013	2	  2.4	  5.1	 11.8	26	 -0.3	-10.3	2	 76.0	 30.4	  9.8	5	1008.6	6.1	43.2	 2.7
422	2013	3	 -1.4	  2.2	 12.2	1	 -3.8	-10.6	6	 77.0	 46.6	 12.0	7	1023.2	6.1	80.3	 2.3
422	2013	4	 -0.4	  3.3	 10.2	27	 -3.0	-10.6	13	 74.0	 31.7	  9.5	15	1011.3	6.0	126.8	 2.7
422	2013	5	  5.7	  9.4	 16.2	18	  2.9	 -6.2	1	 73.0	 49.0	 15.0	28	1009.7	6.5	135.3	 3.0
422	2013	6	 11.4	 15.7	 20.2	5	  8.4	  5.2	2	 70.0	  8.1	  2.5	9	1010.3	5.2	260.6	 2.9
422	2013	7	 11.2	 15.3	 23.7	10	  8.7	  4.6	3	 78.0	 31.3	  6.7	12	1009.6	6.6	101.0	 2.4
422	2013	8	 10.6	 14.6	 18.6	23	  7.6	  2.4	12	 70.0	 18.8	  3.9	31	1003.1	6.6	99.9	 2.8
422	2013	9	  6.4	 10.2	 18.4	7	  3.7	 -2.0	19	 76.0	 62.5	 22.4	16	1006.0	6.0	98.8	 3.1
422	2013	10	  2.7	  5.4	 16.4	10	  1.0	 -6.0	20	 86.0	113.8	 35.6	31	1007.2	6.4	46.6	 2.3
422	2013	11	  0.5	  4.1	 13.9	26	 -2.6	-11.5	9	 77.0	 51.1	  7.2	18	1001.8	6.2	13.5	 3.2
422	2013	12	 -1.9	  0.9	 11.6	1	 -4.8	-16.0	6	 79.0	104.9	 19.2	24	 988.4	6.1	 0.0	 3.5
422	2014	1	  1.6	  3.6	  6.5	20	 -0.2	 -6.2	12	 85.0	 80.3	 11.4	3	 993.0	7.1	 2.0	 2.5
422	2014	2	 -0.2	  2.1	  5.4	8	 -1.8	-13.5	18	 83.0	100.3	 21.6	8	 992.2	6.9	11.6	 2.6
422	2014	3	  0.9	  4.2	 11.0	26	 -1.4	-11.6	18	 76.0	104.0	 15.2	22	 997.8	6.0	67.1	 2.9
422	2014	4	  3.6	  7.6	 14.5	23	  0.9	 -3.5	11	 70.0	 16.2	  4.2	12	1008.5	5.6	147.4	 2.7
422	2014	5	  7.5	 11.5	 17.0	30	  4.3	 -3.6	1	 68.0	 11.7	  2.3	5	1014.7	6.3	151.2	 2.2
422	2014	6	 12.2	 16.1	 21.0	13	  9.2	  5.4	5	 78.0	 23.9	  8.6	18	1017.2	6.0	170.0	 2.4
422	2014	7	 12.7	 16.5	 21.5	24	 10.3	  5.0	5	 79.0	 73.1	 15.1	5	1007.3	6.8	120.2	 2.8
422	2014	8	 10.9	 14.9	 20.9	26	  7.8	  2.8	19	 77.0	 24.1	 10.1	9	1011.6	5.9	162.5	 2.8
422	2014	9	 10.0	 13.9	 19.5	5	  7.4	 -0.5	29	 76.0	 27.1	 10.6	27	1006.1	6.1	80.1	 2.6
422	2014	10	  2.7	  5.3	 13.2	7	  0.7	 -8.4	30	 82.0	 52.4	  5.4	28	1001.2	7.0	21.3	 2.2
422	2014	11	  3.4	  6.1	 10.0	29	  0.8	 -5.3	4	 81.0	 72.5	 12.6	7	1003.3	6.1	11.9	 2.5
422	2014	12	 -1.4	  2.0	 10.7	30	 -4.3	-11.0	12	 81.0	158.1	 23.0	5	 993.7	6.7	 0.0	 4.2
422	2015	1	 -1.2	  1.9	  7.8	5	 -4.0	-12.0	19	 78.0	 70.5	 11.7	2	 989.9	5.9	 8.9	 4.5
422	2015	2	 -0.6	  3.2	 11.8	8	 -3.7	-14.0	22	 75.0	 56.7	 14.4	24	 995.6	6.7	28.7	 4.0
422	2015	3	  1.1	  3.9	 11.5	21	 -1.1	 -6.5	3	 72.0	 30.1	  7.1	30	 997.3	6.2	89.3	 3.5
422	2015	4	  2.6	  6.5	 16.2	18	 -0.2	 -9.5	2	 70.0	 48.0	 11.5	28	1010.4	6.3	140.2	 4.0
422	2015	5	  4.0	  7.6	 13.2	23	  1.5	 -3.5	7	 74.0	 20.2	  4.4	28	1008.3	6.8	99.8	 2.8
422	2015	6	  8.8	 12.4	 20.5	26	  5.7	  0.5	13	 70.0	  3.9	  1.4	11	1014.2	5.8	161.1	 2.9
422	2015	7	  8.4	 11.4	 17.0	5	  6.8	  4.6	19	 83.0	 32.4	  7.6	20	1015.5	7.2	77.6	 2.8
422	2015	8	 10.0	 13.7	 19.6	24	  7.6	 -0.8	30	 82.0	 79.4	 32.1	27	1005.7	6.5	104.5	 2.6
422	2015	9	  9.6	 13.2	 19.3	6	  6.9	  0.1	24	 80.0	 34.0	 10.0	14	1009.3	6.1	97.8	 2.6
422	2015	10	  4.8	  8.2	 13.5	17	  2.5	 -9.0	27	 82.0	 35.4	  6.6	21	1003.4	5.9	63.0	 2.5
422	2015	11	  0.9	  3.9	  9.5	26	 -1.5	-12.4	20	 84.0	 73.5	 28.8	30	 994.4	6.1	25.5	 2.4
422	2015	12	 -2.1	  1.4	 10.4	28	 -5.5	-15.2	26	 85.0	102.5	 18.2	6	 991.9	6.1	 0.8	 3.1
422	2016	1	 -2.6	  0.5	  7.5	24	 -5.1	-13.0	18	 83.0	 51.5	 19.8	14	1001.8	5.4	11.1	 2.0
422	2016	2	 -3.3	  0.2	  7.5	16	 -6.1	-15.0	25	 84.0	 76.8	 21.4	5	1001.0	6.1	52.9	 2.3
422	2016	3	  1.0	  4.9	 11.0	14	 -1.8	-12.8	3	 77.0	 23.1	  6.4	25	1004.8	5.2	110.6	 2.5
422	2016	4	  2.8	  7.0	 13.0	13	 -0.2	 -4.5	19	 74.0	 35.3	 13.3	21	1016.6	5.6	154.2	 2.4
422	2016	5	  6.8	 11.0	 17.8	31	  3.6	 -0.5	9	 71.0	 13.3	  4.9	5	1014.0	5.5	213.2	 3.3
422	2016	6	 11.8	 16.1	 19.5	20	  8.9	  4.2	13	 77.0	 33.5	 12.1	28	1013.0	5.9	179.3	 2.5
422	2016	7	 10.7	 14.0	 17.7	15	  8.6	  4.1	5	 81.0	 37.6	  6.3	21	1012.0	6.7	121.6	 2.9
422	2016	8	 10.9	 15.0	 20.0	23	  8.1	  3.9	29	 79.0	 47.4	  8.0	27	1010.5	6.2	148.3	 2.0
422	2016	9	  7.9	 11.8	 15.7	4	  5.1	  0.9	21	 80.0	115.0	 32.5	25	 998.3	5.8	89.2	 2.2
422	2016	10	  7.5	 11.0	 16.4	14	  4.8	 -2.0	16	 70.0	 19.6	  7.7	30	1009.8	5.6	58.5	 2.4
422	2016	11	  3.0	  6.3	 14.0	7	 -0.0	 -6.6	22	 75.0	 94.4	 18.7	20	1004.5	6.2	15.2	 3.1
422	2016	12	  2.8	  6.2	 12.2	4	  0.1	 -8.0	22	 79.0	 81.7	 25.6	26	 995.0	6.7	 0.3	 3.0
422	2017	1	  0.2	  4.3	 15.0	16	 -3.2	-13.0	13	 76.0	 49.9	 11.1	10	1003.2	6.4	 1.6	 2.8
422	2017	2	  2.7	  5.2	 12.1	12	  0.7	 -3.5	27	 78.0	 59.1	  7.7	16	 998.2	6.8	18.5	 2.5
422	2017	3	  0.4	  3.7	 11.0	25	 -2.5	 -8.3	4	 79.0	 28.0	  9.5	19	1003.4	5.7	87.3	 1.9
422	2017	4	  2.7	  6.4	 16.0	27	 -0.0	 -5.0	17	 72.0	 38.1	  8.1	7	1011.5	6.9	84.4	 2.9
422	2017	5	  8.4	 13.0	 21.2	3	  5.4	  1.0	13	 75.0	 62.2	 23.2	13	1015.6	6.0	156.5	 2.8
422	2017	6	  8.9	 12.8	 17.6	16	  5.9	  1.0	5	 75.0	 26.2	  6.5	17	1007.2	6.6	111.0	 2.7
422	2017	7	 12.7	 16.6	 24.1	22	  9.3	  6.8	10	 74.0	 20.1	  4.9	4	1006.6	5.6	166.8	 2.4
422	2017	8	  9.9	 13.4	 17.6	31	  7.0	  0.8	30	 81.0	 44.4	 17.5	7	1009.7	5.8	171.0	 2.5
422	2017	9	 10.1	 14.2	 22.2	1	  7.1	 -0.8	12	 79.0	 73.1	 20.2	28	1002.3	6.3	79.8	 2.5
422	2017	10	  6.1	  8.8	 12.5	27	  3.9	 -4.2	17	 81.0	 54.2	 23.7	12	1001.9	6.5	34.7	 2.1
422	2017	11	 -1.2	  1.6	 11.1	1	 -4.2	 -9.6	27	 81.0	 93.5	 21.0	24	1009.8	6.1	21.2	 3.4
422	2017	12	 -1.9	  1.0	 10.0	19	 -4.4	-17.5	30	 78.0	 46.1	 10.7	27	1005.8	6.3	 0.0	 2.5
422	2018	1	 -1.3	  1.5	  9.2	12	 -4.4	-13.5	21	 81.0	 54.2	 10.1	24	 995.8	6.4	 8.3	 2.5
422	2018	2	  1.1	  4.3	 10.5	24	 -2.3	 -9.0	18	 71.0	 49.7	 20.6	11	 996.7	5.8	38.1	 3.5
422	2018	3	  0.6	  3.5	 10.6	16	 -1.6	-11.1	10	 78.0	 49.0	 12.1	5	1012.4	6.2	87.6	 1.9
422	2018	4	  3.2	  7.4	 16.0	18	  0.1	 -8.8	6	 74.0	 23.2	  7.8	4	1009.1	6.0	111.2	 2.3
422	2018	5	  7.4	 11.8	 19.8	30	  4.1	 -1.0	3	 65.0	 43.5	 11.0	9	1004.4	5.9	176.9	 3.0
422	2018	6	 10.8	 15.1	 19.5	3	  7.7	  3.0	16	 72.0	 34.3	  9.7	11	1011.6	5.8	191.9	 2.8
422	2018	7	 11.3	 15.5	 20.5	27	  8.8	  4.5	5	 77.0	 72.8	 10.0	14	1005.9	6.8	122.5	 2.7
422	2018	8	  9.6	 14.2	 18.5	25	  7.0	  0.2	30	 81.0	 53.3	 11.8	22	1005.8	6.4	117.0	 2.6
422	2018	9	  7.0	 11.0	 18.1	7	  4.4	 -3.5	23	 78.0	 54.7	  8.7	16	1005.0	6.1	104.4	 2.8
422	2018	10	  3.3	  6.8	 12.8	12	  0.6	 -6.8	6	 77.0	 75.6	 20.4	5	 999.0	6.4	38.7	 2.6
422	2018	11	  1.4	  4.4	 15.0	17	 -0.9	 -9.5	26	 86.0	119.2	 37.1	30	1006.3	5.6	19.5	 2.2
422	2018	12	  0.6	  4.2	 13.0	24	 -2.2	-12.8	4	 79.0	 66.4	 16.0	7	1001.2	6.4	 0.3	 2.5
422	2019	1	 -0.9	  2.5	 15.0	9	 -4.2	-13.8	28	 76.0	 67.9	 21.4	25	1007.7	6.3	 7.5	 2.6
422	2019	2	 -1.1	  2.3	  9.7	21	 -4.6	-14.0	3	 79.0	 78.1	 12.6	8	1003.4	6.3	40.2	 2.7
422	2019	3	  0.0	  3.5	  8.8	26	 -3.0	-14.8	8	 76.0	 42.9	 10.3	22	 998.3	6.2	93.8	 2.8
422	2019	4	  6.9	 11.9	 17.6	25	  3.4	 -8.2	3	 65.0	  7.5	  3.0	2	1013.8	5.0	168.5	 2.4
422	2019	5	  5.9	 10.4	 17.3	15	  3.1	 -3.0	11	 70.0	 12.1	  5.0	31	1022.2	6.1	157.4	 2.6
422	2019	6	  9.6	 14.0	 24.1	27	  6.2	 -1.0	7	 71.0	 14.3	  3.8	28	1018.4	5.9	186.3	 3.0
422	2019	7	 12.1	 15.8	 22.4	29	  9.2	  2.5	2	 80.0	 62.4	  8.6	14	1013.0	6.6	132.9	 2.3
422	2019	8	  9.3	 13.4	 22.0	1	  6.6	  1.2	20	 82.0	 67.9	 25.0	12	1009.0	6.6	118.0	 2.8
422	2019	9	  8.5	 12.7	 20.0	24	  5.7	 -1.5	30	 82.0	 46.4	 13.3	15	1006.3	6.5	80.2	 2.0
422	2019	10	  3.1	  6.4	 14.4	6	  0.2	 -9.6	27	 81.0	 97.6	 40.6	11	1010.7	5.8	67.6	 2.3
422	2019	11	 -0.8	  2.5	  7.1	10	 -3.5	 -9.5	27	 82.0	  4.6	  2.0	1	1012.1	5.3	18.0	 1.5
422	2019	12	 -0.7	  2.2	 15.5	3	 -3.4	 -9.9	9	 85.0	191.1	 34.8	11	 996.1	6.9	 0.0	 3.0
422	2020	1	 -0.4	  2.9	 11.2	22	 -2.7	-10.0	28	 81.0	 77.9	  8.2	14	 984.8	6.8	 2.2	 3.2
422	2020	2	 -1.5	  2.0	 11.2	6	 -4.1	-14.5	2	 83.0	 82.6	 11.1	20	 984.8	6.9	13.2	 3.0
422	2020	3	 -0.4	  3.3	 10.5	31	 -3.0	-14.8	7	 77.0	 57.9	 11.5	12	1002.4	6.1	102.5	 2.9
