#Mánaðarmeðaltöl fyrir stöð 495 - Grímsstaðir
stöð	 ár	mán	  t	  tx	  txx	txxD1	  tn	 tnn	tnnD1	 rh	 r	 rx	rxD1	 p	 n	sun	 f
495	1949	1	 -7.0	 -3.5	  4.2	9	NA	NA	NA	NA	 13.5	  2.5	6	NA	6.1	NA	 9.7
495	1949	2	 -4.2	 -1.0	  5.2	1	NA	NA	NA	NA	  6.8	  3.0	7	NA	5.8	NA	 8.6
495	1949	3	 -4.0	 -0.4	  6.2	4	NA	NA	NA	NA	  9.2	  1.9	18	NA	5.7	NA	 6.4
495	1949	4	 -5.4	 -1.4	  4.2	18	NA	NA	NA	NA	 10.9	  2.3	6	NA	6.4	NA	 6.9
495	1949	5	 -1.5	  1.4	  8.2	9	NA	NA	NA	NA	 22.4	  4.1	27	NA	7.3	NA	 6.3
495	1949	6	  8.2	 12.2	 23.2	22	NA	NA	NA	NA	  9.3	  3.0	12	NA	5.6	NA	 3.8
495	1949	7	 10.7	 16.0	 22.3	8	NA	NA	NA	NA	 25.1	  6.9	28	NA	5.5	NA	 3.6
495	1949	8	  6.8	 11.0	 16.5	12	NA	NA	NA	NA	 82.8	 19.6	29	NA	7.0	NA	 3.8
495	1949	9	  7.0	 11.8	 17.8	12	  3.2	 -2.0	9	NA	 40.3	 10.2	29	1022.4	5.9	NA	 4.3
495	1949	10	  0.0	  3.2	 10.2	12	 -2.3	-15.0	25	NA	 27.8	  9.4	2	1018.6	6.6	NA	 3.1
495	1949	11	 -1.6	  0.6	  5.2	15	 -3.6	-14.4	14	NA	 14.7	  2.9	6	1014.3	6.8	NA	 4.3
495	1949	12	 -6.2	 -3.5	  3.2	31	 -9.4	-26.0	21	NA	 39.9	 12.6	15	1013.3	6.6	NA	 5.2
495	1950	1	 -1.1	  0.7	  4.5	19	 -3.6	-12.0	7	NA	 15.4	  4.0	16	 954.8	6.5	NA	 8.3
495	1950	2	 -6.3	 -3.7	  2.2	3	 -9.6	-22.0	24	NA	 25.7	  4.1	4	 948.3	6.5	NA	 6.1
495	1950	3	 -3.8	 -0.8	  4.4	30	 -7.8	-17.0	15	NA	 20.9	  2.4	16	 958.5	6.5	NA	 5.0
495	1950	4	 -3.9	 -0.6	  2.7	7	 -7.1	-12.0	24	NA	 25.3	  3.6	28	 957.3	7.0	NA	 6.2
495	1950	5	  3.0	  6.9	 15.2	11	 -0.8	 -7.0	3	NA	  5.6	  1.5	19	 973.1	5.5	NA	 4.8
495	1950	6	  6.4	 11.1	 19.8	18	  2.2	 -1.5	30	NA	 16.5	  4.7	20	 963.0	6.2	NA	 4.7
495	1950	7	  9.5	 14.1	 18.7	5	NA	NA	NA	NA	 67.9	 26.8	25	 963.7	6.4	NA	 5.9
495	1950	8	  9.0	 13.4	 19.2	1	NA	NA	NA	NA	 65.0	 17.4	17	 959.1	7.1	NA	 4.4
495	1950	9	  3.4	  6.5	 12.2	3	  1.0	 -5.0	19	NA	 91.2	 14.7	9	 952.7	7.5	NA	 3.9
495	1950	10	  0.3	  2.1	  7.4	24	 -1.9	 -7.0	8	NA	 41.6	 10.0	22	 955.9	7.1	NA	 4.7
495	1950	11	 -3.5	 -1.1	  7.2	6	 -6.6	-14.1	24	NA	 11.4	  2.9	14	 957.2	6.6	NA	 4.0
495	1950	12	 -6.8	 -4.1	  2.6	18	-10.0	-22.0	13	NA	 27.7	  3.3	1	 961.8	7.0	NA	 4.4
495	1951	1	 -6.4	 -3.7	  3.2	23	-10.2	-20.0	1	NA	 32.1	  3.6	14	 951.0	6.6	NA	 5.3
495	1951	2	 -4.3	 -2.0	  3.2	12	 -7.6	-20.0	24	NA	  7.3	  3.0	2	 950.9	7.2	NA	 6.6
495	1951	3	 -7.4	 -4.4	  2.7	1	-11.2	-18.0	15	NA	  0.0	  0.0	3	 966.5	7.4	NA	 7.9
495	1951	4	 -5.2	 -1.7	  7.2	30	 -8.6	-16.1	11	NA	  0.0	  0.0	1	 967.2	6.4	NA	 5.7
495	1951	5	  4.3	  8.2	 17.4	28	  0.7	 -6.0	4	NA	  2.8	  1.1	18	 973.2	5.3	NA	 4.2
495	1951	6	  7.4	 11.8	 20.4	25	  2.4	 -2.5	9	NA	  9.6	  4.0	30	 969.8	4.6	NA	 3.4
495	1951	7	  8.6	 13.4	 17.2	13	  4.7	  0.0	25	NA	 32.3	  7.5	2	 962.4	6.5	NA	 3.2
495	1951	8	  7.7	 11.9	 18.2	16	  4.2	 -2.0	8	NA	 61.7	 21.0	29	 959.9	6.8	NA	 3.4
495	1951	9	  5.7	  9.6	 17.2	21	  3.0	 -2.9	7	NA	 50.1	  9.3	3	 959.5	6.9	NA	 3.4
495	1951	10	  2.0	  5.7	 13.4	1	 -1.7	-15.0	24	NA	 13.8	  4.5	20	 955.8	6.1	NA	 5.3
495	1951	11	 -2.8	 -0.7	  4.2	12	 -6.2	-20.0	24	NA	 21.6	  5.0	13	 959.0	7.2	NA	 3.3
495	1951	12	 -4.7	 -1.9	  5.2	12	 -7.7	-20.0	10	NA	 28.3	  4.5	5	 941.1	6.5	NA	 5.9
495	1952	1	 -6.8	 -4.0	  3.5	20	-10.0	-18.0	28	NA	 33.5	  3.0	31	 949.6	7.2	NA	 7.4
495	1952	2	 -4.7	 -1.1	  5.3	19	 -7.5	-15.0	4	NA	  6.6	  2.1	1	 961.7	6.7	NA	 4.4
495	1952	3	 -3.9	 -1.1	  4.2	13	 -6.9	-17.0	3	NA	  0.0	  0.0	3	 963.6	6.1	NA	 4.0
495	1952	4	 -1.3	  2.0	  7.2	25	 -4.2	-15.0	9	NA	  0.0	  0.0	4	 956.1	6.5	NA	 3.1
495	1952	5	  1.9	  5.2	 15.2	18	 -0.8	 -6.2	4	NA	 19.3	  3.2	28	 971.8	NA	NA	NA
495	1952	6	  2.6	  6.2	 15.3	23	  0.0	 -5.0	1	NA	 30.7	  3.9	6	 964.1	7.4	NA	 3.3
495	1952	7	  8.3	 12.3	 24.2	23	  3.8	 -0.8	13	NA	 69.6	 22.7	30	 964.9	6.7	NA	 3.5
495	1952	8	  6.2	 11.2	 15.7	18	  2.7	 -4.0	28	NA	 66.0	 16.1	31	 964.4	6.1	NA	 3.0
495	1952	9	  4.0	  8.0	 19.7	8	  0.4	 -5.8	17	NA	 62.0	 20.0	2	 967.5	5.9	NA	 3.9
495	1952	10	  2.0	  4.5	 10.2	18	 -0.7	-10.3	10	NA	 41.4	  9.4	6	 957.5	6.6	NA	 5.6
495	1952	11	 -1.5	  0.5	  6.2	18	 -4.9	-15.0	23	NA	  6.3	  1.5	5	 966.3	6.0	NA	 3.7
495	1952	12	 -3.1	 -0.4	  6.6	8	 -5.9	-16.0	13	NA	 28.1	  3.5	11	 960.9	7.1	NA	 4.8
495	1953	1	 -4.2	 -1.0	  4.2	19	 -6.8	-20.0	30	NA	 33.8	  4.4	11	 956.4	6.4	NA	 4.6
495	1953	2	 -2.6	 -0.1	  5.7	15	 -5.4	-17.0	1	NA	 27.0	  5.0	18	 958.4	6.5	NA	 5.7
495	1953	3	 -0.4	  2.1	  9.7	11	 -3.3	-12.0	30	NA	 29.4	  3.5	29	 961.2	6.7	NA	 7.8
495	1953	4	 -5.5	 -2.1	  6.7	19	 -8.1	-17.0	2	NA	 62.3	  6.8	16	 967.0	7.4	NA	 5.8
495	1953	5	  3.1	  7.6	 16.2	6	 -0.5	 -6.0	1	NA	  6.7	  2.2	29	 970.2	5.8	NA	 3.0
495	1953	6	 10.9	 15.3	 20.4	24	  5.6	 -3.0	2	NA	 21.7	  6.0	23	 965.7	5.3	NA	 4.7
495	1953	7	  8.9	 12.8	 19.7	17	  5.2	 -0.3	10	NA	 40.0	 13.0	14	 963.3	7.0	NA	 3.0
495	1953	8	  8.8	 13.2	 18.5	2	  4.8	  1.3	19	NA	 21.4	  7.0	11	 960.5	6.7	NA	 3.6
495	1953	9	  6.6	 11.1	 16.8	16	  2.6	 -5.0	26	NA	 22.6	  5.0	24	 958.9	6.1	NA	 4.2
495	1953	10	  1.3	  4.4	 12.4	7	 -1.9	-12.0	14	NA	 32.6	  5.1	24	 951.6	5.8	NA	 5.2
495	1953	11	 -2.2	  0.7	  7.2	21	 -4.7	-14.0	28	NA	 38.2	  6.8	11	 945.6	6.2	NA	 4.2
495	1953	12	 -0.4	  2.5	  9.2	17	 -3.3	-13.0	4	NA	 13.1	  3.8	2	 949.5	5.4	NA	 5.6
495	1954	1	 -1.6	  0.9	  8.2	3	 -4.4	-13.5	6	NA	 17.3	  3.5	6	 960.1	6.1	NA	 4.8
495	1954	2	 -3.8	 -0.8	  4.2	4	 -6.4	-15.0	6	NA	 42.1	 14.0	20	 953.0	5.8	NA	 5.9
495	1954	3	 -3.3	 -0.2	  5.7	29	 -6.6	-19.5	23	NA	  3.4	  1.4	3	 956.7	6.2	NA	 5.9
495	1954	4	  1.2	  5.3	 11.9	27	 -2.3	 -9.0	20	NA	  9.8	  4.0	17	 966.5	5.7	NA	 3.6
495	1954	5	  4.2	  8.1	 18.7	31	NA	NA	NA	NA	 14.1	  3.0	1	 972.4	6.6	NA	 3.4
495	1954	6	  6.9	 12.6	 21.2	4	NA	NA	NA	NA	 29.2	  4.2	23	 964.3	6.4	NA	 3.1
495	1954	7	  7.3	 11.6	 16.2	23	NA	NA	NA	NA	 41.7	  7.5	31	 960.4	7.2	NA	 3.2
495	1954	8	  7.8	 12.6	 20.2	19	NA	NA	NA	NA	 66.5	 15.0	10	 964.9	6.5	NA	 2.2
495	1954	9	  0.9	  3.4	 11.4	1	NA	NA	NA	NA	 60.8	 11.0	3	 958.0	7.1	NA	 2.5
495	1954	10	 -1.1	  1.4	  7.7	8	 -4.2	-13.6	15	NA	 21.0	  5.4	21	 951.8	5.9	NA	 3.5
495	1954	11	 -1.1	  1.3	  5.5	19	NA	NA	NA	NA	 17.3	  4.9	29	 946.4	5.8	NA	 5.6
495	1954	12	 -5.4	 -2.4	  5.2	16	NA	NA	NA	NA	 31.7	  3.9	10	 947.7	6.1	NA	 3.5
495	1955	1	 -6.5	 -3.6	  6.2	3	NA	NA	NA	NA	 32.2	  4.5	16	 959.0	6.6	NA	 4.5
495	1955	2	 -8.6	 -5.4	  3.6	28	NA	NA	NA	NA	 23.5	  4.2	1	 966.2	5.2	NA	 4.4
495	1955	3	 -4.6	 -0.6	  7.2	10	 -8.9	-18.0	17	NA	 19.3	  3.6	18	 970.4	5.3	NA	 5.0
495	1955	4	  1.6	  4.7	 10.7	17	 -1.7	-12.0	20	NA	 10.8	  3.8	13	 961.9	6.2	NA	 6.5
495	1955	5	  2.2	  6.6	 18.2	30	 -2.0	 -9.9	11	NA	 21.6	  4.7	13	 968.0	5.5	NA	 5.1
495	1955	6	  8.6	 13.3	 21.2	4	  3.8	 -0.3	14	NA	 84.1	 33.0	28	 965.8	5.7	NA	 3.7
495	1955	7	 10.6	 16.4	 24.4	24	  6.2	  2.2	18	NA	 31.3	 13.2	22	 961.6	5.9	NA	 5.3
495	1955	8	  9.8	 15.4	 20.4	7	  5.5	  0.2	27	NA	 13.4	  3.1	9	 960.6	6.0	NA	 5.5
495	1955	9	  5.1	  9.4	 14.7	9	  2.0	 -1.7	19	NA	 32.3	 10.7	6	 953.5	6.5	NA	 4.6
495	1955	10	 -1.5	  2.0	  7.7	22	 -5.0	-12.7	20	NA	 23.3	  5.4	12	 963.9	5.4	NA	 2.7
495	1955	11	 -0.3	  2.4	  8.7	20	 -3.2	-17.6	28	NA	 22.8	  2.5	13	 965.6	6.9	NA	 5.3
495	1955	12	 -7.1	 -4.9	 -0.8	13	-10.3	-19.9	9	NA	 30.6	  3.9	27	 956.0	6.8	NA	 4.8
495	1956	1	 -7.7	 -4.8	  6.4	4	-10.9	-21.5	25	NA	 47.2	 14.0	13	 957.4	6.5	NA	 6.6
495	1956	2	 -0.5	  1.8	  5.7	8	 -3.1	-14.7	18	NA	 19.1	  7.0	15	 970.2	6.6	NA	 4.2
495	1956	3	 -0.3	  2.5	  7.8	29	 -3.6	-20.1	6	NA	 25.2	 10.0	16	 959.5	5.7	NA	 6.1
495	1956	4	 -1.3	  1.6	 10.6	19	 -3.9	-12.6	12	NA	 35.4	  4.2	6	 967.5	7.2	NA	 4.4
495	1956	5	  3.2	  7.5	 16.7	26	  0.1	 -9.2	16	NA	 28.4	  8.0	16	 956.7	6.7	NA	 5.9
495	1956	6	  5.6	  9.8	 15.7	16	  1.9	 -3.3	6	NA	 15.5	  6.6	21	 967.2	6.1	NA	 4.3
495	1956	7	  7.8	 12.7	 22.2	20	  4.6	 -0.2	30	NA	 34.8	  7.8	24	 965.7	6.4	NA	 3.4
495	1956	8	  5.4	 10.6	 14.8	8	  2.1	 -5.0	28	NA	 55.1	 14.6	13	 968.2	6.1	NA	 2.0
495	1956	9	  5.8	 11.1	 17.0	3	  2.4	 -3.1	14	NA	 36.2	 12.4	21	 963.4	6.2	NA	 3.8
495	1956	10	  1.2	  4.3	 10.6	14	 -2.8	-10.6	5	NA	 16.0	  4.0	4	 956.1	5.8	NA	 5.0
495	1956	11	  1.4	  4.5	  9.8	7	 -1.2	-12.6	27	NA	 10.4	  2.9	28	 953.5	5.5	NA	 5.3
495	1956	12	 -1.7	  0.7	  5.7	7	 -4.5	-12.5	6	NA	 27.8	 12.0	22	 949.8	6.7	NA	 5.0
495	1957	1	 -2.3	  0.1	  7.2	14	 -6.0	-13.5	23	NA	 20.7	  3.2	26	 945.5	5.8	NA	 5.7
495	1957	2	 -6.4	 -4.2	  0.2	6	 -9.1	-17.9	16	NA	 42.8	  4.2	16	 960.3	7.4	NA	 5.0
495	1957	3	 -3.7	 -1.3	  7.7	30	 -7.0	-14.9	6	NA	 30.7	  4.0	8	 959.2	6.2	NA	 4.6
495	1957	4	  1.6	  5.3	 11.1	30	 -1.5	 -6.7	23	NA	  7.4	  3.2	22	 964.6	4.9	NA	 4.3
495	1957	5	  2.7	  7.0	 15.4	29	 -0.1	 -7.9	4	NA	 15.4	  4.0	31	 972.2	6.7	NA	 5.3
495	1957	6	  6.1	 11.8	 18.0	29	  1.4	 -4.5	3	NA	  7.4	  2.0	2	 971.4	5.3	NA	 3.7
495	1957	7	  8.7	 14.6	 20.2	22	  3.8	  0.0	28	NA	 41.5	 15.2	2	 968.9	4.4	NA	 2.8
495	1957	8	  8.7	 13.4	 20.1	6	  4.7	  0.3	21	NA	 37.5	  9.5	18	 963.3	6.0	NA	 2.9
495	1957	9	  3.3	  7.0	 15.0	1	  0.4	 -2.8	14	NA	 29.7	  3.0	13	 966.5	7.0	NA	 2.9
495	1957	10	  0.2	  3.5	 13.2	6	 -2.9	 -9.5	30	NA	 10.3	  3.0	23	 946.6	5.9	NA	 3.4
495	1957	11	 -1.6	  0.8	  5.5	30	 -4.5	-12.5	7	NA	  0.0	  0.0	1	 964.6	5.8	NA	 3.3
495	1957	12	 -4.7	 -1.8	  6.2	1	 -7.7	-14.5	31	NA	  0.0	  0.0	4	 951.3	6.5	NA	 3.4
495	1958	1	 -6.9	 -4.1	  6.0	28	-11.7	-21.5	25	NA	  0.0	  0.0	1	 952.2	6.0	NA	 4.7
495	1958	2	 -8.0	 -4.9	  4.2	26	-11.7	-20.4	9	NA	  0.0	  0.0	1	 963.3	6.0	NA	 3.0
495	1958	3	 -5.5	 -2.0	  4.2	31	 -9.2	-16.5	12	NA	  0.0	  0.0	1	 969.7	6.1	NA	 4.1
495	1958	4	  0.6	  3.5	  6.7	12	 -2.1	 -6.0	5	NA	  0.0	  0.0	3	 961.0	6.0	NA	 2.8
495	1958	5	 -0.7	  2.2	  8.7	29	NA	NA	NA	NA	  0.0	  0.0	1	 971.3	5.6	NA	 2.2
495	1958	6	  7.5	 12.5	 18.8	30	NA	NA	NA	NA	  5.7	  3.0	17	 970.6	5.3	NA	 2.0
495	1958	7	  8.5	 13.9	 24.7	3	NA	NA	NA	NA	 38.3	 19.5	5	 968.3	5.1	NA	 1.7
495	1958	8	  5.6	  9.3	 15.6	24	  2.9	  0.0	8	NA	 61.5	 10.2	28	 963.2	7.4	NA	 2.5
495	1958	9	  9.0	 13.9	 19.8	4	  5.3	  1.0	22	NA	  1.5	  1.5	10	 963.3	5.8	NA	 4.2
495	1958	10	  2.9	  5.4	  9.7	4	  0.1	-12.0	31	NA	 28.6	  3.1	10	 954.2	6.8	NA	 3.7
495	1958	11	  1.0	  3.6	 11.2	10	 -2.5	 -6.5	13	NA	 27.5	  6.0	27	 956.5	5.9	NA	 4.1
495	1958	12	 -4.0	 -1.5	  7.2	2	 -7.4	-17.0	20	NA	  5.6	  2.7	5	 958.0	7.4	NA	 4.4
495	1959	1	 -9.4	 -6.4	  5.6	31	-13.8	-28.0	12	NA	  0.0	  0.0	1	 969.4	6.1	NA	 3.6
495	1959	2	 -1.0	  2.3	  6.2	2	 -4.6	-22.0	21	NA	  0.0	  0.0	12	 952.8	6.1	NA	 7.0
495	1959	3	  0.0	  3.4	  8.2	26	 -3.1	-19.5	7	NA	  4.5	  4.5	30	 950.7	5.5	NA	 5.2
495	1959	4	 -3.2	  0.9	  8.2	21	 -6.2	-12.6	28	NA	 29.0	  6.1	26	 961.2	6.2	NA	 4.0
495	1959	5	  5.1	 10.6	 19.2	26	  1.2	-11.0	5	NA	 10.0	  5.4	29	 969.5	5.5	NA	 4.3
495	1959	6	  6.6	 11.7	 20.2	25	  3.5	 -2.9	9	NA	 52.7	 10.8	17	 962.1	5.9	NA	 5.5
495	1959	7	  9.6	 14.9	 23.9	27	  6.7	  2.0	12	NA	 33.1	  7.5	24	 961.9	5.3	NA	 2.9
495	1959	8	  6.6	 11.0	 16.2	10	  4.2	  0.7	8	NA	 85.0	 15.0	15	 961.2	6.8	NA	 3.0
495	1959	9	  6.7	 12.2	 18.2	16	  3.1	 -5.3	6	NA	 14.6	  4.9	4	 960.4	5.3	NA	 5.1
495	1959	10	  4.7	  8.1	 13.7	5	  1.8	 -6.1	28	NA	 10.3	  3.0	5	 953.7	5.1	NA	 5.1
495	1959	11	 -3.1	 -0.6	 10.2	5	 -5.3	-20.1	15	NA	 33.5	  7.3	10	 955.2	6.4	NA	 5.4
495	1959	12	 -3.7	 -1.0	  4.2	7	 -7.0	-19.2	18	NA	 21.4	  5.1	27	 945.6	6.0	NA	 4.1
495	1960	1	 -3.6	 -1.3	  5.2	7	 -7.3	-19.6	19	NA	 15.3	  5.0	18	 964.8	5.3	NA	 4.1
495	1960	2	 -6.6	 -3.2	 10.9	7	-10.1	-19.0	16	NA	 74.9	 10.6	20	 964.8	6.6	NA	 5.4
495	1960	3	 -1.1	  2.5	  6.2	25	 -3.8	-19.8	4	NA	 33.1	 11.5	1	 963.5	4.7	NA	 5.4
495	1960	4	  0.3	  4.0	  7.7	24	 -2.4	-10.0	15	NA	 31.5	 10.0	14	 958.8	5.2	NA	 6.0
495	1960	5	  5.4	  9.9	 17.7	11	  1.9	 -6.0	24	NA	 17.0	  5.7	27	 968.0	5.5	NA	 5.2
495	1960	6	  7.7	 12.9	 20.2	24	  5.2	 -0.5	14	NA	 32.3	 13.8	4	 966.6	5.5	NA	 3.6
495	1960	7	  7.4	 11.8	 19.8	2	  5.7	  3.0	13	NA	 63.9	  7.2	16	 962.9	6.4	NA	 3.5
495	1960	8	  6.2	 11.8	 20.7	26	  3.6	  0.0	19	NA	 19.9	  6.7	6	 971.2	5.5	NA	 2.0
495	1960	9	  5.1	 10.3	 14.2	10	  1.8	 -5.0	25	NA	 21.9	  6.0	10	 960.6	4.5	NA	 4.0
495	1960	10	 -0.4	  3.4	 12.4	15	 -3.3	-11.3	25	NA	 11.8	  4.4	19	 969.2	4.4	NA	 1.7
495	1960	11	 -0.4	  1.6	  6.4	9	 -3.4	-14.3	6	NA	 27.8	 12.0	11	 956.2	6.8	NA	 3.7
495	1960	12	 -4.2	 -1.9	  5.4	11	 -7.2	-19.9	24	NA	 44.7	  6.3	12	 948.3	5.6	NA	 5.7
495	1961	1	 -3.9	 -0.8	  7.2	15	 -6.6	-23.9	10	NA	 23.2	  5.3	27	 954.8	5.2	NA	 5.5
495	1961	2	 -3.0	 -0.5	  6.4	23	 -6.3	-20.0	3	NA	 23.7	  7.8	28	 949.3	5.6	NA	 4.7
495	1961	3	 -4.0	 -0.6	  6.4	19	 -7.0	-19.1	30	NA	 28.9	  5.8	16	 955.2	5.5	NA	 6.1
495	1961	4	 -3.8	  0.1	  9.1	28	 -7.2	-23.4	4	NA	 24.0	  4.6	14	 962.6	6.0	NA	 5.2
495	1961	5	  5.2	 10.3	 15.8	16	  2.1	 -7.0	25	NA	  9.9	  3.7	24	 966.0	5.5	NA	 4.1
495	1961	6	  4.8	  9.4	 14.2	30	  1.8	 -1.1	11	NA	 51.6	 12.3	6	 956.2	5.8	NA	 4.4
495	1961	7	  7.5	 12.8	 19.2	20	  5.1	  1.6	28	NA	 61.2	 20.2	31	 964.6	6.1	NA	 3.0
495	1961	8	  7.1	 11.4	 15.7	29	  5.0	 -1.0	25	NA	 91.0	 25.7	1	 958.3	6.4	NA	 3.7
495	1961	9	  6.2	 10.5	 16.2	8	  3.5	 -1.4	24	NA	 78.8	 36.5	5	 952.7	5.6	NA	 5.4
495	1961	10	  1.9	  5.1	 11.2	2	 -0.2	 -7.9	31	NA	 71.3	 29.5	26	 952.6	5.8	NA	 4.7
495	1961	11	 -1.6	  1.5	  9.0	14	 -4.5	-14.3	27	NA	 48.6	 10.2	24	 954.6	5.9	NA	 5.9
495	1961	12	 -7.5	 -4.1	  4.7	17	-11.3	-21.5	28	NA	 31.7	  9.5	30	 965.2	5.9	NA	 4.2
495	1962	1	 -3.5	 -0.7	  8.2	28	 -6.4	-19.5	19	NA	 18.5	  3.6	17	 943.1	6.2	NA	 6.3
495	1962	2	 -5.8	 -1.7	  6.8	8	-10.2	-19.7	14	NA	 20.8	  5.5	13	 960.6	5.1	NA	 5.3
495	1962	3	 -9.8	 -5.7	  5.2	18	-13.3	-29.5	15	NA	 21.8	  5.4	30	 976.2	5.5	NA	 3.6
495	1962	4	 -0.3	  3.6	 14.5	28	 -3.1	-18.4	2	NA	 16.5	  3.0	22	 964.7	5.1	NA	 4.7
495	1962	5	  2.5	  6.8	 16.7	26	  0.2	 -6.3	30	NA	  9.0	  3.0	18	 969.3	6.1	NA	 4.2
495	1962	6	  5.7	 10.5	 20.3	28	  3.6	 -0.3	20	NA	 26.6	  7.7	15	 962.9	6.3	NA	 4.1
495	1962	7	  8.3	 13.5	 19.0	5	  5.3	  1.6	2	NA	 49.0	 11.5	11	 968.7	5.3	NA	 3.1
495	1962	8	  6.1	 10.0	 15.5	17	  4.0	 -0.5	13	NA	 63.1	 13.4	21	 961.9	6.6	NA	 2.9
495	1962	9	  3.6	  8.2	 11.9	21	  0.8	 -7.1	17	NA	 28.1	  5.0	9	 959.7	5.5	NA	 4.8
495	1962	10	  0.8	  4.5	 13.2	20	 -2.0	-15.3	29	NA	 32.5	  7.2	1	 956.9	5.8	NA	 4.9
495	1962	11	 -3.8	 -0.7	  6.2	7	 -7.5	-20.9	16	NA	 20.4	  6.1	4	 962.0	5.5	NA	 3.8
495	1962	12	 -4.6	 -1.1	  8.2	22	 -8.1	-18.0	16	NA	 16.3	  4.0	9	 958.4	5.1	NA	 4.4
495	1963	1	 -7.4	 -3.8	  6.2	28	-11.6	-25.1	5	NA	NA	NA	NA	 979.0	3.8	NA	 3.0
495	1963	2	 -4.4	 -1.4	  4.7	28	 -7.6	-18.9	6	NA	 16.7	  4.3	4	 964.9	5.5	NA	 4.1
495	1963	3	  0.3	  2.8	  6.9	24	 -1.4	 -8.5	21	NA	 12.5	  2.8	18	 954.5	5.6	NA	 3.6
495	1963	4	 -1.3	  2.7	 11.2	25	 -3.7	-17.4	11	NA	 34.2	  6.1	7	 962.9	5.9	NA	 5.2
495	1963	5	  1.1	  4.8	 11.9	30	 -1.1	-10.1	2	NA	 30.0	  8.0	9	 955.7	6.3	NA	 5.2
495	1963	6	  9.6	 14.7	 20.9	30	  5.7	  1.4	26	NA	 22.6	  5.7	18	 967.0	4.8	NA	 2.8
495	1963	7	  6.5	 11.7	 21.2	4	  4.1	 -0.8	25	NA	 39.4	 14.0	16	 964.4	5.5	NA	 4.8
495	1963	8	  5.5	 11.3	 16.2	4	  1.9	 -5.1	28	NA	  7.6	  4.7	14	 964.6	5.4	NA	 3.2
495	1963	9	  1.9	  6.4	 15.2	1	 -0.6	-11.1	29	NA	 43.3	 14.0	9	 954.5	5.6	NA	 3.7
495	1963	10	  1.1	  4.5	  8.2	28	 -1.6	-10.1	1	NA	 26.4	 12.5	16	 948.3	5.5	NA	 4.6
495	1963	11	 -5.4	 -2.2	  7.2	27	 -8.5	-23.1	16	NA	 23.0	  4.0	22	 957.7	6.5	NA	 4.6
495	1963	12	 -3.5	 -0.5	  6.2	28	 -6.5	-20.1	21	NA	 10.9	  4.2	26	 964.3	5.5	NA	 3.7
495	1964	1	 -2.2	  1.6	  8.8	22	 -5.2	-27.1	31	NA	 16.9	  4.2	26	 959.7	5.1	NA	 4.9
495	1964	2	 -1.6	  1.1	  7.2	7	 -4.4	-21.6	5	NA	  2.8	  2.8	4	 961.5	4.3	NA	 3.9
495	1964	3	  1.7	  4.6	  8.8	28	 -1.0	-10.8	25	NA	 16.5	  9.5	25	 961.9	4.4	NA	 4.8
495	1964	4	 -0.0	  3.8	 10.2	27	 -2.9	 -8.6	19	NA	 15.3	  4.3	29	 963.3	5.5	NA	 3.2
495	1964	5	  3.4	  7.9	 17.2	23	  0.8	 -6.3	14	NA	 32.8	  7.5	20	 961.2	5.7	NA	 4.3
495	1964	6	  5.7	 11.0	 20.2	20	  2.8	 -3.1	5	NA	 39.3	  7.2	29	 962.9	5.6	NA	 4.7
495	1964	7	  8.0	 13.6	 22.7	19	  5.1	 -1.1	10	NA	 58.8	 20.3	12	 957.6	5.7	NA	 3.6
495	1964	8	  4.5	  9.7	 20.2	10	  2.1	 -3.3	15	NA	 79.5	 14.0	23	 967.9	6.3	NA	 3.5
495	1964	9	  1.9	  5.8	 14.9	1	 -0.8	 -7.9	21	NA	 21.1	  9.5	3	 962.7	5.7	NA	 3.1
495	1964	10	  1.1	  5.0	 14.2	4	 -1.8	-15.1	24	NA	 11.0	  6.3	9	 957.1	5.5	NA	 3.7
495	1964	11	 -2.5	  0.3	  7.2	8	 -5.8	-19.1	17	NA	 38.0	  8.1	7	 956.2	6.1	NA	 4.1
495	1964	12	 -6.9	 -3.3	  6.2	19	-10.8	-20.6	13	NA	 48.6	  6.5	11	 953.8	5.8	NA	 4.7
495	1965	1	 -5.4	 -2.3	  4.7	6	 -9.1	-24.0	19	NA	 24.6	  5.2	12	 953.9	6.1	NA	 4.7
495	1965	2	 -1.1	  2.1	  9.7	16	 -3.8	-15.0	14	NA	 10.1	  7.5	13	 978.5	4.4	NA	 4.2
495	1965	3	 -8.0	 -3.3	  7.2	31	-11.7	-22.5	24	NA	 15.2	  5.2	3	 966.3	4.8	NA	 3.5
495	1965	4	 -1.7	  2.6	 10.2	30	 -4.4	-15.1	19	NA	 28.7	  6.7	13	 957.7	5.3	NA	 4.1
495	1965	5	  3.0	  8.0	 18.2	30	 -0.3	 -6.6	4	NA	  5.0	  1.5	4	 971.6	5.1	NA	 3.9
495	1965	6	  6.0	 10.4	 19.7	10	  2.8	 -1.7	17	NA	 26.2	  7.5	30	 961.8	5.6	NA	 4.4
495	1965	7	  8.0	 13.6	 18.2	24	  4.5	 -1.7	9	NA	 16.2	  3.7	30	 968.0	5.3	NA	 3.1
495	1965	8	  6.9	 11.3	 17.7	14	  4.5	 -1.2	27	NA	 31.4	  4.7	5	 958.7	6.0	NA	 3.7
495	1965	9	  2.2	  6.0	 15.2	1	 -0.2	 -2.7	7	NA	 29.5	  6.5	13	 961.2	6.7	NA	 3.1
495	1965	10	  3.9	  7.9	 15.2	20	  1.1	 -8.1	29	NA	 17.1	  3.7	12	 958.1	5.9	NA	 4.5
495	1965	11	 -5.2	 -2.0	 11.2	4	 -8.0	-22.3	23	NA	 36.4	  8.5	24	 970.9	6.0	NA	 3.7
495	1965	12	 -7.8	 -5.0	  5.7	15	-11.9	-24.5	28	NA	 12.7	  2.2	18	 953.6	5.8	NA	 3.1
495	1966	1	 -6.9	 -3.6	  5.7	5	-10.3	-23.3	22	NA	 30.9	  6.7	31	 964.9	5.6	NA	 5.3
495	1966	2	 -9.4	 -6.0	 -1.3	4	-12.3	-21.6	25	NA	 18.1	  4.0	3	 963.3	5.6	NA	 4.3
495	1966	3	 -6.5	 -3.3	  5.9	18	 -9.3	-21.1	29	NA	 22.8	  4.0	23	 958.8	6.2	NA	 5.0
495	1966	4	 -0.8	  1.7	  5.9	30	 -3.7	-19.5	2	NA	 10.9	  2.3	1	 963.4	4.7	NA	 4.4
495	1966	5	  1.6	  5.0	 13.0	28	 -0.9	-11.6	9	NA	 31.4	  7.2	26	 962.4	6.4	NA	 4.0
495	1966	6	  7.8	 12.8	 17.4	12	  4.9	  0.9	1	NA	 39.4	  8.8	19	 962.3	5.6	NA	 3.5
495	1966	7	  6.7	 11.3	 22.6	7	  4.4	 -0.2	23	NA	 83.8	 25.0	24	 962.8	6.6	NA	 3.8
495	1966	8	  6.1	 11.2	 18.6	25	  3.3	 -0.4	10	NA	 24.3	  9.2	4	 968.6	6.0	NA	 3.0
495	1966	9	  3.7	  7.7	 15.7	23	  1.0	 -5.2	15	NA	 19.4	  6.2	8	 962.1	6.1	NA	 4.2
495	1966	10	 -1.5	  1.5	  7.7	30	 -4.4	-13.3	31	NA	 23.3	  7.2	21	 966.1	6.2	NA	 3.1
495	1966	11	 -4.1	 -0.4	  9.7	18	 -8.4	-18.8	17	NA	 38.8	  7.3	20	 957.2	6.2	NA	 5.0
495	1966	12	 -7.1	 -3.5	  4.4	4	-10.3	-20.9	24	NA	 37.6	  5.2	18	 946.0	6.8	NA	 4.8
495	1967	1	 -4.0	 -1.0	  9.2	15	 -7.6	-20.6	4	NA	 10.8	  5.4	1	 965.0	5.4	NA	 4.3
495	1967	2	 -2.5	 -0.1	  5.2	10	 -4.5	-14.5	28	NA	 19.4	  4.9	28	 946.9	6.1	NA	 6.1
495	1967	3	 -9.9	 -5.9	  2.7	18	-13.8	-26.0	13	NA	 48.0	  5.3	1	 949.0	6.2	NA	 4.9
495	1967	4	 -2.7	  1.0	  8.7	12	 -5.8	-17.2	18	NA	 12.8	  3.1	24	 961.4	5.2	NA	 4.9
495	1967	5	 -0.3	  3.6	 13.2	30	 -3.0	-14.0	2	NA	 16.9	  5.5	27	 969.1	5.6	NA	 2.8
495	1967	6	  6.3	 11.0	 17.2	10	  2.8	 -2.5	23	NA	 33.4	 11.0	9	NA	5.4	NA	 3.0
495	1967	7	  6.0	 11.1	 18.4	13	  3.1	 -0.6	25	NA	 71.3	 16.4	20	 961.4	5.7	NA	 3.2
495	1967	8	  7.6	 12.6	 15.6	14	  4.1	 -1.6	3	NA	 18.5	  5.5	26	 962.7	4.8	NA	 3.1
495	1967	9	  5.7	 10.8	 19.2	11	  2.6	 -4.5	6	NA	 31.7	  9.8	17	 958.9	5.3	NA	 3.0
495	1967	10	 -1.7	  0.7	  8.7	1	 -4.3	-19.0	17	NA	 28.7	 10.3	2	 950.4	6.5	NA	 3.2
495	1967	11	 -4.7	 -0.9	  9.7	18	 -8.5	-19.6	29	NA	 18.8	  6.2	12	 955.5	5.7	NA	 4.4
495	1967	12	 -5.8	 -2.1	  7.2	2	 -9.3	-18.0	7	NA	 47.3	  5.3	31	 959.4	6.3	NA	 4.4
495	1968	1	 -8.2	 -3.8	  5.0	22	-12.4	-25.2	2	NA	 33.0	  4.5	3	 955.0	6.3	NA	 5.0
495	1968	2	 -8.1	 -4.7	  7.2	26	-11.9	-25.0	15	NA	 12.5	  2.2	6	 961.6	5.1	NA	 4.5
495	1968	3	 -7.2	 -3.1	  5.6	7	-10.5	-23.0	25	NA	 49.4	  8.5	5	 954.1	6.0	NA	 4.5
495	1968	4	 -3.1	  1.4	  9.5	18	 -6.4	-26.0	1	NA	 13.5	  5.0	2	 967.6	5.3	NA	 3.5
495	1968	5	 -0.1	  4.3	 16.2	29	 -3.4	-13.2	1	NA	 10.3	  3.8	12	 973.7	3.9	NA	 3.6
495	1968	6	  4.9	  9.5	 15.4	16	  2.5	 -2.5	22	NA	 25.0	  5.5	7	 962.2	6.2	NA	 4.1
495	1968	7	 10.1	 15.5	 20.9	25	  6.4	  0.5	2	NA	 28.5	 10.2	23	 972.1	4.5	NA	 2.3
495	1968	8	  7.5	 12.6	 21.7	5	  4.6	 -1.5	14	NA	 73.6	 19.0	20	 965.4	5.1	NA	 3.8
495	1968	9	  6.0	 10.0	 16.2	13	  3.6	 -4.0	30	NA	 20.9	  5.0	20	 963.3	6.1	NA	 2.9
495	1968	10	 -2.9	 -0.4	  6.2	20	 -5.4	-17.5	30	NA	 14.4	  4.0	21	 966.0	5.6	NA	 3.7
495	1968	11	  0.2	  2.3	  8.2	13	 -2.0	-17.5	2	NA	 28.9	  5.9	24	 960.9	5.3	NA	 3.9
495	1968	12	 -5.0	 -1.7	  6.6	7	 -8.6	-22.2	19	NA	 19.1	  5.2	21	 961.1	5.5	NA	 3.7
495	1969	1	 -6.3	 -3.6	  7.0	1	 -8.6	-22.5	15	NA	 16.8	  4.2	3	 963.1	6.5	NA	 4.5
495	1969	2	 -9.1	 -5.6	  5.7	28	-14.0	-24.8	20	NA	 34.5	 10.0	6	 966.9	5.4	NA	 4.7
495	1969	3	 -6.9	 -2.5	  5.4	5	-10.0	-30.0	9	NA	 17.0	  5.0	6	 965.9	5.1	NA	 3.8
495	1969	4	 -3.2	  1.0	  7.8	18	 -5.9	-16.3	13	NA	 16.4	  4.0	27	 962.6	5.7	NA	 4.5
495	1969	5	  1.6	  5.8	 13.2	26	 -1.1	 -8.5	13	NA	  2.0	  1.5	6	 971.6	4.6	NA	 3.3
495	1969	6	  8.2	 13.3	 18.5	22	  4.9	 -1.4	2	NA	 47.4	 12.0	7	 961.8	5.6	NA	 3.8
495	1969	7	  7.1	 12.2	 19.7	9	  4.3	 -1.0	7	NA	 47.5	 16.0	3	 957.5	5.4	NA	 4.1
495	1969	8	  9.2	 14.1	 19.7	15	  6.5	 -0.5	21	NA	 25.9	  6.0	12	 964.0	6.2	NA	 3.9
495	1969	9	  2.9	  6.9	 14.8	3	  0.3	-11.5	28	NA	 19.2	  3.6	2	 957.8	6.0	NA	 3.1
495	1969	10	  0.2	  3.8	 10.2	7	 -2.0	-12.8	1	NA	 27.2	  4.7	25	 951.9	5.8	NA	 3.3
495	1969	11	 -7.3	 -3.7	  4.2	30	-11.1	-22.0	15	NA	 20.5	  4.5	10	 955.9	5.8	NA	 3.6
495	1969	12	 -4.7	 -1.2	  7.2	27	 -8.7	-23.5	3	NA	 14.9	  3.0	7	 955.5	5.9	NA	 3.9
495	1970	1	 -3.9	 -1.4	  6.2	21	 -6.5	-27.0	9	NA	 28.0	  7.5	11	 954.7	6.0	NA	 4.7
495	1970	2	 -7.2	 -4.3	  5.2	28	-10.4	-22.4	15	NA	 26.0	  4.9	2	 957.8	6.0	NA	 4.9
495	1970	3	 -7.9	 -4.5	  4.7	15	-11.4	-18.0	3	NA	 49.6	  6.8	26	 964.0	6.6	NA	 4.9
495	1970	4	 -3.5	  0.3	  5.4	30	 -7.2	-15.0	21	NA	  9.5	  2.2	17	 961.8	5.2	NA	 2.7
495	1970	5	  2.8	  6.6	 13.1	11	  0.1	 -5.2	2	NA	 12.1	  2.5	23	 960.6	6.1	NA	 3.5
495	1970	6	  8.6	 15.2	 23.7	21	  4.6	 -1.3	5	NA	  4.0	  2.2	25	 964.0	5.1	NA	 3.4
495	1970	7	  4.8	  9.4	 19.5	16	  2.2	 -3.3	24	NA	 73.6	 22.0	10	 960.4	6.5	NA	 3.5
495	1970	8	  7.5	 13.1	 20.2	23	  4.2	 -1.3	10	NA	 23.3	  4.5	15	 961.7	5.5	NA	 3.4
495	1970	9	  3.8	  7.3	 13.1	24	  1.3	 -3.8	15	NA	 30.9	  7.0	2	 958.5	5.8	NA	 3.9
495	1970	10	 -0.6	  2.3	 10.8	13	 -3.4	-17.5	29	NA	 43.8	 14.9	9	 960.1	6.5	NA	 3.5
495	1970	11	 -4.7	 -2.1	  5.7	27	 -8.5	-20.0	22	NA	 41.0	 13.0	9	 957.2	6.3	NA	 3.2
495	1970	12	 -3.0	  1.1	  9.8	10	 -6.8	-18.5	29	NA	 19.4	  3.3	4	 963.6	5.5	NA	 4.6
495	1971	1	 -9.4	 -5.8	  6.2	12	-13.9	-28.0	4	NA	 32.7	 18.7	9	 954.6	5.8	NA	 3.5
495	1971	2	 -3.2	  0.3	  6.2	8	 -7.3	-21.0	19	NA	 25.6	  5.2	12	 950.2	6.4	NA	 4.8
495	1971	3	 -3.1	 -0.3	  6.2	5	 -5.7	-15.5	19	NA	 15.4	  4.0	16	 962.6	6.2	NA	 4.6
495	1971	4	 -1.2	  2.0	  7.2	30	 -3.6	-10.5	16	NA	  8.6	  2.0	18	 965.5	6.4	NA	 4.4
495	1971	5	  4.0	  8.2	 13.8	31	  1.1	 -3.4	28	NA	 29.6	  7.1	26	 959.5	6.2	NA	 3.8
495	1971	6	  5.6	 10.8	 19.7	4	  1.8	 -2.5	11	NA	 20.8	  9.3	30	 971.3	4.7	NA	 3.0
495	1971	7	  8.9	 13.5	 19.2	18	  4.9	  0.6	22	NA	 56.5	 13.7	15	 966.0	5.4	NA	 3.3
495	1971	8	  6.7	 11.5	 19.7	15	  3.7	 -2.5	29	NA	 48.7	 17.2	27	 957.8	5.6	NA	 4.1
495	1971	9	  4.4	  8.4	 14.7	10	  2.0	-10.0	23	NA	 33.7	  7.8	30	 962.3	6.7	NA	 3.5
495	1971	10	  0.4	  3.2	 12.7	5	 -2.4	-11.5	11	NA	 24.3	  5.0	29	 956.4	6.0	NA	 3.4
495	1971	11	 -4.2	 -0.9	  8.2	26	 -8.1	-21.0	19	NA	 19.9	  5.0	28	 958.4	6.3	NA	 4.5
495	1971	12	 -5.0	 -1.2	  6.8	31	 -9.3	-19.0	2	NA	 21.9	  5.7	6	 951.1	5.3	NA	 4.8
495	1972	1	 -0.8	  1.4	  6.7	29	 -3.5	-14.2	27	NA	 27.5	  7.8	24	 951.1	5.5	NA	 5.2
495	1972	2	 -1.6	  1.3	  9.2	23	 -4.5	-24.0	16	NA	  4.6	  1.3	14	 954.6	6.0	NA	 4.6
495	1972	3	 -1.0	  2.0	  7.2	10	 -3.8	-12.5	23	NA	 26.7	  8.5	25	 953.0	5.9	NA	 5.5
495	1972	4	 -0.7	  2.6	 11.7	22	 -3.8	-20.5	9	NA	 21.3	  4.0	3	 961.0	6.1	NA	 4.3
495	1972	5	  4.7	  8.3	 14.7	21	  1.8	 -6.6	1	NA	  3.5	  1.6	16	 965.1	5.8	NA	 4.5
495	1972	6	  6.3	 10.0	 15.7	12	  3.3	 -1.0	19	NA	 59.2	 10.9	25	 956.4	6.3	NA	 4.0
495	1972	7	  9.0	 13.2	 19.7	26	  6.2	  2.5	4	NA	 61.6	 15.7	3	 961.4	6.2	NA	 3.9
495	1972	8	  6.7	 10.9	 16.2	28	  4.0	 -0.5	10	NA	 87.9	 13.0	31	 961.9	6.1	NA	 4.2
495	1972	9	  4.6	  8.3	 15.2	17	  2.2	 -2.7	12	NA	 53.1	  8.2	10	 965.4	5.8	NA	 3.6
495	1972	10	  1.0	  4.5	 10.6	5	 -2.0	-12.0	11	NA	 32.2	 11.4	31	 959.1	5.3	NA	 3.9
495	1972	11	 -4.1	 -1.7	  6.2	26	 -6.5	-18.0	22	NA	 40.6	  8.0	12	 952.1	6.4	NA	 4.6
495	1972	12	 -2.5	  0.3	  6.2	19	 -4.9	-15.0	11	NA	 26.0	  4.2	6	 943.5	6.3	NA	 5.6
495	1973	1	 -0.7	  2.1	  8.8	9	 -4.1	-13.5	27	NA	 32.3	 16.0	13	 952.3	5.5	NA	 4.0
495	1973	2	 -8.4	 -4.1	  5.2	1	-12.4	-22.0	24	NA	 33.5	  8.5	13	 949.7	6.3	NA	 5.5
495	1973	3	 -1.6	  1.7	  7.2	8	 -4.5	-16.0	25	NA	 15.5	  3.6	6	 954.3	5.7	NA	 4.2
495	1973	4	 -1.5	  2.2	  9.7	23	 -4.5	-18.5	2	NA	 41.4	 15.2	5	 970.3	6.0	NA	 4.0
495	1973	5	  1.1	  4.8	 12.2	26	 -1.4	 -8.5	3	NA	 24.0	  3.2	29	 966.6	5.2	NA	 3.8
495	1973	6	  4.9	  8.3	 14.6	22	  2.2	 -4.5	11	NA	 44.2	 20.5	23	 958.8	6.9	NA	 3.6
495	1973	7	  9.7	 14.4	 22.5	11	  5.0	  0.0	18	NA	 16.3	 10.1	1	 963.0	4.9	NA	 3.1
495	1973	8	  7.6	 11.9	 18.5	25	  4.6	 -1.5	20	NA	 59.2	 29.1	6	 960.7	5.5	NA	 3.1
495	1973	9	  6.1	 10.1	 19.5	12	  3.1	 -5.5	28	NA	 47.3	 14.8	8	 961.4	NA	NA	NA
495	1973	10	  0.2	  3.4	 15.6	2	 -2.7	-15.0	18	NA	 18.3	  8.3	8	 964.0	5.2	NA	 3.2
495	1973	11	 -8.3	 -5.1	  4.5	7	-12.7	-26.6	24	NA	 31.9	  7.0	19	 963.3	5.9	NA	 3.2
495	1973	12	 -9.3	 -5.5	  5.5	1	-13.6	-26.0	22	NA	 38.4	  5.5	6	 955.8	6.7	NA	 4.9
495	1974	1	 -2.0	  0.4	  3.5	20	 -4.8	-15.0	17	NA	 27.7	  5.2	13	 934.4	6.2	NA	 5.7
495	1974	2	 -4.7	 -1.7	  7.5	26	 -7.8	-19.6	15	NA	 32.0	  6.5	10	 951.3	6.2	NA	 5.5
495	1974	3	  0.5	  2.5	  6.2	31	 -1.7	 -9.5	2	NA	  2.5	  1.5	19	 960.7	4.7	NA	 5.2
495	1974	4	  3.7	  7.4	 14.0	24	  0.7	 -7.2	8	NA	 19.3	 13.5	8	 968.1	5.2	NA	 4.6
495	1974	5	  4.4	  8.2	 13.5	24	  1.4	 -5.4	27	NA	 21.2	  7.1	16	 966.5	5.9	NA	 4.4
495	1974	6	  7.5	 11.9	 24.8	23	  4.5	  0.0	8	NA	 52.9	  8.5	17	 961.7	5.9	NA	 3.9
495	1974	7	  7.6	 12.4	 21.5	25	  4.3	  1.5	5	NA	 53.9	 19.0	23	 960.3	5.4	NA	 3.4
495	1974	8	  6.2	 10.0	 18.0	7	  3.5	 -3.4	27	NA	 59.3	 17.5	25	 962.7	5.9	NA	 3.4
495	1974	9	  2.5	  5.5	 16.5	2	 -0.2	-10.5	30	NA	 62.5	 17.5	13	 956.1	6.2	NA	 4.0
495	1974	10	  0.0	  3.0	 10.0	23	 -3.0	-12.0	29	NA	 32.3	  6.1	28	 964.4	4.7	NA	 2.9
495	1974	11	 -1.8	 -0.2	  7.8	5	 -4.4	-14.5	19	NA	 22.3	  5.0	12	 953.8	5.4	NA	 3.3
495	1974	12	 -8.0	 -4.5	  3.5	6	-11.7	-22.5	23	NA	 43.9	  6.5	10	 945.7	6.0	NA	 5.8
495	1975	1	 -9.1	 -5.6	  6.4	2	-13.5	-26.5	11	NA	 37.1	  6.3	14	 944.8	5.7	NA	 6.1
495	1975	2	 -1.9	  0.5	  5.5	28	 -4.5	-14.8	14	NA	 15.2	  4.1	27	 958.2	5.1	NA	 4.1
495	1975	3	 -4.8	 -1.0	  6.0	12	 -8.0	-20.0	26	NA	 21.6	  4.0	8	 961.4	5.9	NA	 5.0
495	1975	4	 -2.6	  0.8	  8.0	25	 -5.3	-17.8	11	NA	 22.4	  3.3	8	 965.7	5.6	NA	 3.9
495	1975	5	  3.6	  8.1	 21.0	25	 -0.6	-12.6	12	NA	  4.5	  2.5	11	 972.8	4.7	NA	 3.6
495	1975	6	  4.7	  9.1	 19.5	9	  1.6	 -6.5	4	NA	 34.4	  7.5	8	 967.2	6.2	NA	 4.0
495	1975	7	 10.3	 15.2	 23.0	4	  6.0	  0.0	30	NA	 39.8	 10.4	2	 959.9	5.3	NA	 3.4
495	1975	8	  9.6	 15.2	 23.6	12	  5.8	 -0.7	21	NA	 24.9	  4.6	3	 963.8	5.1	NA	 3.6
495	1975	9	  1.3	  4.8	 13.3	3	 -1.8	-13.1	30	NA	 35.9	  7.0	17	 955.2	6.1	NA	 3.5
495	1975	10	  1.5	  4.0	 11.5	11	 -1.1	-12.0	31	NA	 41.1	  8.5	13	 961.6	5.9	NA	 2.7
495	1975	11	 -1.6	  1.3	 13.5	8	 -4.9	-16.2	26	NA	 28.2	  7.0	29	 953.7	5.9	NA	 4.4
495	1975	12	 -5.2	 -0.5	  6.5	13	-10.2	-21.0	24	NA	 18.6	  4.0	31	 954.8	5.9	NA	 5.5
495	1976	1	 -7.4	 -4.5	  7.2	17	-11.4	-24.6	12	NA	 25.4	  4.5	27	 952.8	6.0	NA	 4.6
495	1976	2	 -2.8	  0.6	  6.5	13	 -5.5	-15.5	12	NA	 17.6	  6.5	21	 947.3	5.4	NA	 5.7
495	1976	3	 -1.2	  1.0	  6.0	23	 -3.8	-14.0	1	NA	 19.3	  3.7	6	 950.4	5.3	NA	 5.7
495	1976	4	 -0.2	  3.7	 14.2	22	 -3.6	-16.0	2	NA	 13.5	  2.1	5	 964.1	6.2	NA	 4.2
495	1976	5	  3.3	  6.5	 15.0	26	 -0.4	-10.1	4	NA	 17.4	  7.5	20	 959.2	5.5	NA	 4.2
495	1976	6	  8.2	 12.8	 17.2	2	  4.5	 -0.7	1	NA	 38.8	 10.7	6	 961.0	5.4	NA	 3.7
495	1976	7	 10.9	 15.3	 21.5	5	  7.0	  1.9	30	NA	 31.1	  8.6	29	 965.4	5.7	NA	 3.1
495	1976	8	 10.0	 14.9	 20.7	28	  6.4	  1.5	30	NA	 33.7	  5.6	8	 963.0	5.5	NA	 4.1
495	1976	9	  5.2	 11.5	 17.5	14	  1.2	 -5.0	9	NA	  1.7	  1.3	8	 970.7	3.9	NA	 2.8
495	1976	10	  2.8	  5.1	 11.3	1	  0.3	 -5.5	17	NA	 42.0	 13.9	13	 951.7	5.7	NA	 3.5
495	1976	11	 -0.9	  1.5	 11.5	19	 -3.4	-17.5	22	NA	 27.7	  4.5	3	 953.9	6.3	NA	 4.5
495	1976	12	 -7.5	 -4.4	  4.5	12	-10.4	-23.0	31	NA	 28.2	  7.0	5	 964.7	5.4	NA	 2.9
495	1977	1	 -5.9	 -3.6	  6.8	3	 -9.0	-24.8	1	NA	 47.0	  5.0	15	 963.0	6.7	NA	 5.4
495	1977	2	 -5.9	 -3.4	  2.5	17	 -9.3	-20.4	5	NA	 15.5	  6.0	5	 961.2	5.0	NA	 2.6
495	1977	3	 -2.9	  0.3	  5.0	8	 -5.7	-18.0	27	NA	 26.1	  5.0	9	 959.3	5.6	NA	 3.7
495	1977	4	 -4.1	 -0.8	  5.0	9	 -7.2	-22.5	17	NA	 39.0	  8.5	19	 962.1	5.6	NA	 4.2
495	1977	5	  3.0	  6.3	 17.0	31	 -0.8	-11.0	11	NA	  0.0	  0.0	9	 973.4	5.0	NA	 2.5
495	1977	6	  6.7	 10.6	 18.4	18	  3.5	 -3.6	7	NA	 31.9	 11.0	13	 966.9	6.1	NA	 3.6
495	1977	7	  9.9	 14.4	 19.5	26	  6.5	  1.7	6	NA	 30.5	  9.8	4	 965.2	5.8	NA	 3.8
495	1977	8	  7.7	 12.3	 19.8	13	  3.8	 -2.5	25	NA	 34.6	 12.4	5	 966.3	5.8	NA	 3.6
495	1977	9	  4.3	  9.0	 17.2	17	  0.8	 -6.2	10	NA	 28.6	 14.3	27	 960.9	5.4	NA	 3.2
495	1977	10	  1.0	  3.1	  8.5	19	 -1.2	 -9.5	8	NA	 40.0	  9.3	17	 951.9	6.4	NA	 3.2
495	1977	11	 -5.6	 -3.1	  5.0	27	 -8.6	-17.5	24	NA	 42.2	  7.1	11	 954.4	6.4	NA	 4.5
495	1977	12	 -3.1	 -0.2	  6.0	5	 -6.0	-23.0	19	NA	 17.8	  7.5	30	 954.3	6.1	NA	 4.2
495	1978	1	 -6.8	 -3.6	  7.5	14	-10.5	-24.5	29	NA	 23.8	  5.7	1	 951.7	5.9	NA	 4.8
495	1978	2	 -6.6	 -4.2	  2.6	6	 -9.1	-21.0	15	NA	 28.0	  4.1	27	1013.2	6.7	NA	 3.4
495	1978	3	 -3.5	 -0.7	  4.5	18	 -6.4	-19.5	5	NA	 34.0	  4.5	30	 995.5	6.2	NA	 5.1
495	1978	4	 -1.0	  1.9	  7.8	16	 -4.0	-15.0	12	NA	  9.7	  3.5	9	1019.9	5.2	NA	 3.6
495	1978	5	  3.8	  7.4	 12.2	9	  0.7	 -8.6	4	NA	 28.5	 10.8	23	1010.7	5.7	NA	 4.4
495	1978	6	  6.0	 10.0	 19.5	12	  2.9	 -2.0	20	NA	 25.5	  5.0	8	1009.0	5.9	NA	 3.9
495	1978	7	  8.5	 12.7	 18.6	10	  5.5	  0.5	3	NA	 34.9	  7.2	1	1012.2	6.1	NA	 2.9
495	1978	8	  9.9	 14.9	 20.6	2	  6.5	  0.0	25	NA	 17.9	  4.8	4	1011.0	6.0	NA	 2.9
495	1978	9	  3.8	  7.1	 11.6	7	  1.6	 -4.0	17	NA	 21.2	  2.9	30	1006.1	6.5	NA	 3.1
495	1978	10	  0.7	  3.4	 11.5	26	 -2.4	 -9.5	20	NA	 17.6	  2.6	19	1002.3	5.5	NA	 4.1
495	1978	11	 -3.8	 -1.0	  6.5	29	 -7.8	-20.0	27	NA	 27.6	  4.3	2	 994.1	5.3	NA	 3.5
495	1978	12	 -2.9	 -1.0	  5.0	12	 -5.7	-20.2	22	NA	  8.9	  3.3	21	1011.0	6.4	NA	 3.1
495	1979	1	 -9.8	 -6.4	  3.5	18	-13.7	-27.7	13	NA	 46.2	  6.0	3	1012.5	5.9	NA	 4.3
495	1979	2	 -6.0	 -2.3	  5.6	24	 -9.6	-24.5	7	NA	 19.5	  5.5	21	1006.1	5.4	NA	 3.6
495	1979	3	-11.0	 -7.0	  4.0	18	-14.8	-22.0	7	NA	 32.2	  4.5	20	1002.2	5.3	NA	 3.7
495	1979	4	 -3.3	  0.1	  6.0	17	 -5.8	-14.0	1	NA	 47.4	  8.0	21	1017.7	6.3	NA	 4.3
495	1979	5	 -4.1	 -1.4	  9.0	31	 -6.4	-16.4	19	NA	 23.5	  3.5	1	1016.0	6.1	NA	 4.2
495	1979	6	  6.1	 10.6	 15.0	4	  3.3	 -1.2	30	NA	 37.9	 11.0	28	1008.0	6.3	NA	 3.5
495	1979	7	  6.7	 11.2	 17.5	26	  3.5	  0.0	5	NA	 34.6	  6.1	21	1008.4	5.9	NA	 2.9
495	1979	8	  6.2	 10.2	 14.0	17	  2.9	 -0.8	30	NA	 46.1	  9.4	8	1008.5	6.5	NA	 2.5
495	1979	9	  0.5	  2.9	 10.0	9	 -1.9	 -9.5	28	NA	 49.8	  8.8	3	1004.5	6.6	NA	 3.3
495	1979	10	  1.4	  3.7	 11.0	1	 -1.1	-10.5	21	NA	 10.1	  2.6	6	1004.1	5.9	NA	 4.2
495	1979	11	 -4.2	 -1.6	  5.0	20	 -7.1	-21.5	9	NA	 24.0	  3.3	11	 997.4	6.0	NA	 3.7
495	1979	12	 -4.3	 -1.6	  8.5	20	 -6.8	-18.8	8	NA	 17.0	  5.4	29	 993.1	6.0	NA	 3.9
495	1980	1	 -5.9	 -2.7	  6.3	12	 -9.7	-20.0	28	NA	 19.4	  4.3	5	1011.8	5.4	NA	 3.8
495	1980	2	 -4.0	 -1.3	  7.0	23	 -7.9	-24.5	4	NA	 42.3	 11.9	13	1004.4	6.1	NA	 4.5
495	1980	3	 -3.5	 -0.4	  4.4	4	 -6.7	-16.7	2	NA	  8.0	  1.3	12	1008.2	5.7	NA	 4.0
495	1980	4	  0.6	  3.8	 11.0	30	 -2.4	-15.0	3	NA	  8.4	  2.7	2	1008.0	5.3	NA	 5.5
495	1980	5	  4.8	  9.4	 21.0	22	  1.1	 -8.9	9	NA	 11.6	  4.2	17	1019.4	5.4	NA	 4.1
495	1980	6	  7.8	 12.4	 21.8	13	  3.2	 -0.5	23	NA	 50.0	  9.8	22	1009.8	5.1	NA	 2.6
495	1980	7	  8.8	 13.1	 22.0	31	  5.4	  1.2	27	NA	 30.7	  7.7	24	1012.7	6.0	NA	 2.8
495	1980	8	  7.9	 12.0	 21.5	1	  4.7	 -2.0	22	NA	 43.0	 10.2	15	1011.2	5.7	NA	 2.9
495	1980	9	  4.4	  7.9	 15.0	1	  1.3	 -4.5	13	NA	 26.8	  3.8	6	1003.6	6.3	NA	 2.9
495	1980	10	 -2.5	 -0.6	  8.5	31	 -5.7	-14.4	21	NA	 15.9	  3.0	9	1010.8	6.6	NA	 3.4
495	1980	11	 -4.4	 -1.6	  7.5	1	 -7.6	-22.5	24	NA	 17.5	  6.1	16	1014.1	5.7	NA	 3.5
495	1980	12	 -7.4	 -4.3	  5.7	4	-11.1	-25.2	19	NA	 22.9	  5.7	26	 999.7	6.4	NA	 4.6
495	1981	1	 -7.2	 -3.0	  9.0	27	-12.0	-23.5	2	NA	 30.2	  5.1	15	1005.0	6.1	NA	 4.3
495	1981	2	 -6.3	 -1.9	  6.0	26	-10.1	-21.0	4	NA	 22.7	  7.5	6	 999.3	4.8	NA	 4.0
495	1981	3	 -5.7	 -3.7	  4.8	31	 -9.0	-21.0	19	NA	 54.7	  7.0	24	1005.4	6.7	NA	 5.7
495	1981	4	  0.5	  3.7	 12.0	18	 -2.6	-12.0	23	NA	 12.1	  3.3	29	1018.7	5.0	NA	 2.9
495	1981	5	  2.6	  6.3	 13.5	14	 -0.5	-10.5	9	NA	  8.5	  6.6	24	1012.6	5.7	NA	 3.1
495	1981	6	  5.4	  9.6	 17.5	21	  1.8	 -5.0	9	NA	 27.3	 10.0	21	1013.4	5.9	NA	 3.2
495	1981	7	  7.4	 12.3	 23.0	24	  4.4	  0.0	2	NA	 48.8	 17.8	15	1007.4	6.3	NA	 2.8
495	1981	8	  9.2	 14.1	 19.5	2	  5.0	 -1.8	20	NA	 65.6	 20.6	29	1007.1	5.5	NA	 3.7
495	1981	9	  4.0	  7.0	 19.5	1	  1.4	 -5.5	7	NA	 36.4	 17.1	19	1005.8	6.8	NA	 3.4
495	1981	10	 -3.4	 -1.6	  7.0	22	 -6.1	-12.0	26	NA	 40.3	  5.7	20	1007.5	6.7	NA	 4.0
495	1981	11	 -5.2	 -2.2	  6.5	8	 -9.0	-20.5	19	NA	 40.0	  6.0	25	1007.1	5.8	NA	 3.6
495	1981	12	 -7.1	 -3.8	  9.5	2	-10.9	-26.5	22	NA	 30.9	  4.1	21	1009.9	6.8	NA	 4.6
495	1982	1	 -6.3	 -2.9	  4.0	12	 -9.7	-20.0	8	NA	 37.9	  6.0	19	1009.4	6.4	NA	 3.2
495	1982	2	 -1.7	  0.5	  4.5	17	 -4.3	-13.5	15	NA	 27.8	  5.0	28	 990.5	5.9	NA	 5.2
495	1982	3	 -3.6	 -0.4	  6.0	30	 -7.6	-17.4	4	NA	 30.2	 10.0	14	 996.4	5.3	NA	 4.2
495	1982	4	 -0.5	  2.5	  8.2	18	 -2.9	-12.6	8	NA	  8.6	  3.9	30	1008.7	5.8	NA	 4.2
495	1982	5	  0.6	  3.6	 11.0	13	 -2.0	-15.0	5	NA	 30.4	  6.0	15	1014.4	6.1	NA	 4.1
495	1982	6	  8.3	 12.9	 22.5	6	  3.1	 -3.0	15	NA	  3.7	  1.5	26	1016.9	4.6	NA	 3.2
495	1982	7	  9.8	 14.2	 19.0	20	  6.4	  2.5	25	NA	 31.4	 14.3	10	1008.8	6.2	NA	 3.9
495	1982	8	  6.5	 11.1	 20.2	3	  3.1	 -3.0	28	NA	 47.6	 20.5	10	1005.1	5.8	NA	 3.1
495	1982	9	  2.1	  5.5	  9.5	10	 -0.8	 -8.0	22	NA	 38.5	 14.0	11	1001.5	6.2	NA	 3.5
495	1982	10	  1.2	  4.0	 10.2	7	 -1.7	-11.0	26	NA	 97.2	 22.2	27	 999.8	6.3	NA	 2.7
495	1982	11	 -5.1	 -2.3	  6.0	15	 -8.5	-20.0	24	NA	 50.3	 21.5	17	 995.0	5.5	NA	 3.5
495	1982	12	 -6.1	 -2.7	  6.8	29	-10.2	-21.0	18	NA	 21.8	  5.5	20	 994.2	6.1	NA	 4.7
495	1983	1	 -7.1	 -3.6	  8.5	22	-10.9	-22.2	17	NA	 40.2	  6.7	18	 986.1	5.5	NA	 4.8
495	1983	2	 -2.9	  0.5	  6.0	9	 -6.7	-21.0	3	NA	 13.4	  4.9	5	1013.8	5.1	NA	 4.8
495	1983	3	 -4.4	 -1.0	  6.5	1	 -8.3	-18.0	26	NA	 30.7	  5.2	29	 999.2	6.4	NA	 4.1
495	1983	4	 -5.7	 -2.6	  5.2	29	 -8.9	-19.0	2	NA	 29.2	  3.3	18	1014.1	5.9	NA	 4.7
495	1983	5	  0.2	  3.0	  9.8	27	 -1.5	 -4.0	22	NA	  6.7	  1.2	12	1015.8	6.5	NA	 2.4
495	1983	6	  6.3	 10.4	 19.0	30	  2.8	 -3.6	3	NA	 64.8	 24.4	28	1008.5	6.0	NA	 3.5
495	1983	7	  8.6	 13.9	 19.5	25	  5.3	 -0.5	18	NA	 56.3	 10.8	29	1006.3	5.8	NA	 3.6
495	1983	8	  8.2	 13.0	 19.5	19	  4.8	 -1.2	30	NA	 76.3	 20.4	15	1006.3	5.7	NA	 3.2
495	1983	9	  1.9	  6.1	 16.0	13	 -0.9	 -9.0	29	NA	 28.9	  5.9	20	1010.4	5.2	NA	 2.7
495	1983	10	 -1.3	  1.6	  5.4	21	 -4.8	-12.2	28	NA	 39.7	  5.4	31	1000.0	6.2	NA	 4.3
495	1983	11	 -3.5	 -0.5	  7.6	13	 -7.1	-17.0	29	NA	 38.7	  8.6	5	1010.5	5.9	NA	 3.8
495	1983	12	 -5.4	 -2.5	  6.0	1	 -8.5	-20.0	22	NA	 23.6	  3.8	7	 999.8	5.7	NA	 3.4
495	1984	1	 -8.7	 -4.9	  5.0	9	-13.7	-26.5	16	NA	 29.3	  7.2	21	 990.1	5.6	NA	 3.5
495	1984	2	 -3.0	  0.6	  9.5	25	 -6.7	-19.0	6	NA	 35.5	 18.9	20	 996.7	5.9	NA	 4.7
495	1984	3	 -2.8	  0.1	  5.6	9	 -6.7	-24.0	1	NA	 14.4	  4.0	6	1017.4	5.1	NA	 4.0
495	1984	4	  0.8	  3.6	 14.0	26	 -1.8	-10.0	13	NA	 16.3	  4.6	12	1006.0	5.7	NA	 4.6
495	1984	5	  3.5	  8.1	 17.6	27	  0.4	 -6.0	5	NA	 26.8	  5.2	8	1010.6	5.8	NA	 3.8
495	1984	6	  9.0	 13.6	 21.7	7	  5.1	 -0.5	22	NA	 24.4	  8.4	26	1011.9	5.2	NA	 2.9
495	1984	7	 11.8	 16.1	 22.0	17	  8.2	  3.0	20	NA	 40.7	  9.9	7	1009.9	5.9	NA	 2.4
495	1984	8	 10.1	 15.2	 21.5	25	  6.2	 -0.5	31	NA	 35.1	  8.2	22	1007.8	5.1	NA	 3.4
495	1984	9	  3.9	  8.5	 17.5	6	  1.0	 -3.5	12	NA	 25.9	  5.4	11	1006.2	5.5	NA	 3.0
495	1984	10	 -0.7	  1.3	  6.5	15	 -3.0	 -8.0	19	NA	 70.0	 16.0	30	1001.8	6.3	NA	 2.1
495	1984	11	 -3.0	 -0.5	  5.0	27	 -6.3	-16.5	5	NA	 15.8	  5.3	10	1000.3	5.8	NA	 2.0
495	1984	12	 -2.6	  0.6	  6.0	11	 -6.7	-18.2	2	NA	  9.1	  2.8	1	 995.3	4.8	NA	 3.6
495	1985	1	 -6.7	 -3.5	  9.0	12	-10.0	-24.5	28	NA	 19.1	  4.1	31	1018.2	4.9	NA	 2.6
495	1985	2	 -4.6	 -1.9	  5.2	28	 -8.3	-20.0	1	NA	  8.5	  4.0	2	1011.1	5.6	NA	 3.8
495	1985	3	 -4.7	 -1.6	  6.0	6	 -7.7	-20.0	29	NA	 18.5	  3.5	5	1009.5	6.0	NA	 4.3
495	1985	4	 -1.4	  1.7	  7.5	23	 -4.6	-21.5	1	NA	 12.4	  5.5	17	1011.1	6.5	NA	 4.5
495	1985	5	  4.1	  8.1	 18.0	19	  0.8	 -4.0	24	NA	 19.0	  8.4	1	1015.6	6.3	NA	 4.1
495	1985	6	  6.8	 10.8	 16.0	17	  3.5	 -3.0	5	NA	 21.7	  5.1	20	1013.0	7.2	NA	 3.2
495	1985	7	  7.5	 12.0	 19.5	3	  4.4	  0.0	13	NA	 74.0	 20.2	20	1007.6	6.8	NA	 3.8
495	1985	8	  5.8	  9.2	 17.6	15	  3.5	 -2.0	26	NA	 68.9	 11.9	12	1007.8	7.2	NA	 3.0
495	1985	9	  2.2	  6.0	 12.8	11	 -0.2	 -5.0	8	NA	 27.3	  5.2	6	1010.4	6.6	NA	 1.6
495	1985	10	  3.0	  6.3	 15.0	15	 -0.3	-10.5	10	NA	 12.7	  6.6	6	1005.9	6.5	NA	 3.7
495	1985	11	 -6.0	 -2.9	  6.5	22	 -9.2	-22.0	6	NA	  8.5	  3.7	30	1015.5	5.9	NA	 2.9
495	1985	12	 -7.1	 -5.0	  1.5	11	-10.9	-21.0	26	NA	 14.3	  3.8	5	1011.9	6.1	NA	 4.3
495	1986	1	 -4.4	 -2.2	  4.0	26	 -8.2	-15.5	24	NA	 38.1	  6.6	13	 998.6	6.5	NA	 6.8
495	1986	2	 -5.1	 -2.1	  7.2	3	 -8.0	-20.5	21	NA	  0.5	  0.2	11	1026.5	5.1	NA	 3.3
495	1986	3	 -2.8	 -0.6	  5.0	13	 -6.3	-20.0	29	NA	 30.8	  3.7	16	 989.1	6.7	NA	 6.8
495	1986	4	 -0.9	  1.8	  6.0	4	 -3.9	-16.7	16	NA	 11.9	  3.3	26	1013.0	6.7	NA	 4.1
495	1986	5	  0.5	  3.3	 10.0	30	 -1.8	 -6.0	13	NA	 19.6	  6.2	27	1007.6	7.3	NA	 4.5
495	1986	6	  8.8	 13.4	 22.8	28	  5.2	 -1.0	3	NA	 37.9	  9.5	17	1009.5	6.3	NA	 3.5
495	1986	7	  8.1	 12.9	 20.0	2	  4.2	 -0.4	31	NA	 32.4	  5.2	4	1007.7	6.6	NA	 2.8
495	1986	8	  8.1	 12.9	 19.6	8	  3.6	 -1.6	3	NA	  6.4	  3.0	31	1015.7	6.6	NA	 2.4
495	1986	9	  2.9	  7.7	 12.0	17	 -0.4	 -4.4	14	NA	 14.5	  4.0	2	1012.8	6.6	NA	 3.1
495	1986	10	 -1.6	  2.2	 11.0	9	 -4.4	-11.5	21	NA	 19.0	  6.0	28	 991.3	5.7	NA	 2.3
495	1986	11	 -3.4	 -1.0	  5.0	14	 -6.7	-16.0	21	NA	 19.7	  5.0	18	NA	7.1	NA	 4.0
495	1986	12	 -5.1	NA	NA	NA	NA	-24.5	2	NA	NA	NA	NA	NA	5.9	NA	NA
495	1987	1	 -1.7	  0.7	  6.5	24	 -5.1	-16.0	1	NA	NA	NA	NA	NA	6.3	NA	 4.2
495	1987	2	 -4.7	 -2.1	  4.0	28	 -7.8	-24.2	16	NA	 14.4	  2.5	25	NA	6.6	NA	 3.6
495	1987	3	 -3.9	 -1.0	  5.5	12	 -6.9	-23.6	20	NA	 25.9	  4.6	26	NA	6.8	NA	 7.8
495	1987	5	  5.5	 10.0	 21.6	24	  1.0	 -7.2	1	NA	  5.3	  1.4	18	1017.0	5.7	NA	 4.3
495	1987	6	  6.9	 10.9	 17.0	20	  2.7	 -1.6	13	NA	 10.7	  2.6	3	NA	6.7	NA	 2.0
495	1987	7	 10.1	 14.5	 20.6	11	  6.5	  1.8	9	NA	 64.8	  8.6	18	1009.6	7.1	NA	 2.8
495	1987	8	  7.9	 12.8	 18.6	10	  3.1	 -2.4	21	NA	  8.8	  3.2	30	NA	6.0	NA	 2.3
495	1987	9	  4.3	  6.9	 13.2	7	  1.7	 -4.4	15	NA	 33.2	  3.6	17	NA	7.6	NA	 4.1
495	1987	10	 -0.8	  1.0	 10.4	4	 -3.2	 -8.4	21	NA	 43.6	  6.2	9	NA	7.2	NA	 4.1
495	1987	11	  0.7	  3.1	  8.0	5	 -1.6	 -9.8	23	NA	 25.5	  8.5	19	NA	6.8	NA	 4.4
495	1987	12	 -1.3	NA	NA	NA	NA	 -8.4	6	NA	NA	NA	NA	NA	6.9	NA	NA
495	1988	1	 -8.5	 -5.3	  3.0	16	-12.0	-28.6	24	NA	NA	NA	NA	NA	6.1	NA	 4.9
495	1988	2	 -6.2	 -3.2	  6.0	19	 -9.7	-21.4	13	NA	 21.4	  2.0	6	NA	7.2	NA	 5.3
495	1988	3	 -6.3	 -2.5	  5.0	7	-10.2	-22.0	12	NA	 10.9	  3.0	25	NA	6.9	NA	 3.8
495	1988	4	 -5.4	NA	NA	NA	NA	-21.6	8	NA	NA	NA	NA	NA	6.2	NA	NA
495	1988	5	  3.3	  7.3	 16.0	15	 -0.0	 -9.6	1	NA	 31.4	 23.0	30	NA	6.3	NA	 5.5
495	1988	6	  9.4	 14.2	 23.8	10	  5.4	 -1.0	3	NA	 20.1	  5.6	8	1009.7	6.4	NA	 6.2
495	1988	7	  8.7	 12.6	 21.5	6	  4.3	  0.0	4	NA	 66.8	 17.3	27	NA	6.4	NA	 3.2
495	1988	8	  9.2	 12.7	 18.0	5	  5.8	  0.4	21	NA	 47.1	  6.5	24	1003.1	7.0	NA	 3.3
495	1988	9	  4.3	  7.4	 18.0	14	  1.7	 -4.5	30	NA	 77.0	 11.4	1	NA	7.7	NA	 5.1
495	1988	10	 -0.2	  2.6	 10.1	20	 -3.4	-15.3	9	NA	 32.7	  8.2	7	1010.2	6.3	NA	NA
495	1988	11	 -2.0	  0.8	  6.7	24	 -5.2	-14.1	18	NA	 17.0	  3.0	26	NA	6.0	NA	 2.9
495	1988	12	 -4.1	 -0.7	  9.2	14	 -8.3	-23.0	25	NA	 13.0	  2.1	22	NA	6.1	NA	 4.3
495	1989	1	 -3.8	 -0.4	  7.6	31	 -7.2	-16.3	21	NA	 31.4	  7.2	29	NA	6.3	NA	 5.4
495	1989	2	 -7.1	 -4.0	  7.2	1	-10.9	-22.8	16	NA	 75.0	 10.3	27	 987.5	7.0	NA	 6.0
495	1989	3	 -5.1	 -2.5	  4.8	31	 -9.3	-19.6	16	NA	 43.2	  5.4	23	NA	6.5	NA	 6.9
495	1989	4	 -2.1	  0.1	  4.8	30	 -5.1	-13.4	22	NA	 30.2	  5.8	16	1010.4	7.0	NA	 5.3
495	1989	5	  1.6	  4.4	  9.8	22	 -1.0	 -4.2	9	NA	 14.6	  3.6	28	NA	6.8	NA	 6.1
495	1989	6	  6.7	 10.4	 16.9	17	  4.1	 -1.1	26	NA	 16.3	  3.1	5	1011.5	6.2	NA	 4.7
495	1989	7	  9.9	 14.8	 20.5	19	  6.1	  2.1	30	NA	 23.2	  7.0	28	NA	6.6	NA	 4.8
495	1989	8	  7.9	 11.9	 16.5	1	  4.6	  1.4	26	NA	 55.4	 14.1	23	NA	7.1	NA	 4.4
495	1989	9	  4.3	  7.9	 14.7	3	  1.6	 -3.6	25	NA	 64.6	 12.3	17	NA	6.9	NA	 5.8
495	1989	10	  1.3	  4.2	 11.6	3	 -1.3	 -9.7	27	NA	 17.3	  6.2	5	NA	6.5	NA	 3.5
495	1989	11	 -2.5	  0.7	  9.2	19	 -5.9	-14.4	19	NA	 12.0	  6.2	17	NA	5.5	NA	 3.7
495	1989	12	 -4.7	 -1.5	 10.4	1	 -8.7	-25.8	20	NA	 14.5	  3.0	25	NA	6.1	NA	 5.1
495	1990	1	 -2.7	 -0.5	  4.0	1	 -5.8	-14.0	17	NA	 37.4	  5.6	13	 982.5	6.8	NA	 6.5
495	1990	2	 -5.9	 -2.9	  1.2	1	 -9.1	-19.8	28	NA	 30.3	  5.2	12	NA	7.4	NA	 7.2
495	1990	3	 -6.2	 -2.7	  4.0	25	-10.0	-21.1	1	NA	 21.5	  3.1	22	NA	6.5	NA	 7.8
495	1990	4	 -4.1	 -0.5	  6.0	20	 -8.1	-24.3	4	NA	  7.4	  2.1	26	1001.2	6.4	NA	 6.2
495	1990	5	  4.6	  8.5	 15.4	27	  1.2	 -2.4	23	NA	  9.7	  4.1	31	NA	5.8	NA	 3.1
495	1990	6	  7.3	 11.6	 19.7	12	  4.2	 -0.5	26	NA	 26.1	  8.1	25	NA	6.4	NA	 5.6
495	1990	8	  8.3	 12.3	 18.5	6	  5.0	  2.1	20	NA	 28.3	  4.8	5	NA	7.0	NA	 5.1
495	1990	10	  0.6	  2.6	  8.0	1	 -1.7	-11.3	11	NA	 25.6	  6.9	9	1003.2	6.9	NA	 5.0
495	1990	11	 -1.3	  1.0	  6.6	6	 -4.2	-12.2	3	NA	  9.6	  4.3	14	1011.5	5.4	NA	 3.4
495	1990	12	 -4.4	 -0.6	  7.8	14	 -8.5	-22.7	20	NA	  2.1	  0.8	13	NA	5.2	NA	 5.8
495	1991	1	 -2.2	  0.8	  7.4	21	 -6.3	-22.2	9	NA	  2.5	  0.7	5	 997.9	5.9	NA	 7.7
495	1991	2	 -3.1	  0.3	  6.4	26	 -6.5	-19.6	25	NA	  5.3	  2.7	19	1008.2	5.1	NA	 5.2
495	1991	3	 -1.2	  1.2	  6.7	25	 -4.9	-12.6	22	NA	 30.1	  7.1	1	1006.6	6.5	NA	 6.4
495	1991	4	 -3.8	 -0.1	  6.0	14	 -6.8	-18.8	11	NA	 12.5	  4.8	9	1009.3	5.8	NA	 5.6
495	1991	5	  5.3	  9.3	 18.4	25	  2.3	 -2.1	7	NA	 51.7	 19.3	9	1016.8	6.5	NA	 4.4
495	1991	6	  6.2	 10.6	 21.2	30	  1.5	 -3.3	8	NA	 27.9	  9.9	15	1013.3	4.8	NA	 3.3
495	1991	7	 12.4	 16.9	 27.2	7	  8.1	 -0.2	22	NA	 51.4	 15.7	17	1010.7	5.8	NA	 2.9
495	1991	8	  9.4	 14.2	 24.9	1	  5.2	 -0.6	24	NA	 41.1	 12.1	29	1001.8	5.9	NA	 4.4
495	1991	9	  4.1	  8.4	 18.0	5	  0.9	 -4.7	27	NA	 45.2	  8.2	25	1006.8	6.3	NA	 4.3
495	1991	10	  1.7	  4.0	 10.8	10	 -1.1	-10.9	18	NA	 42.3	 13.9	5	1009.4	6.0	NA	 4.7
495	1991	11	 -4.0	 -0.8	  5.1	1	 -7.6	-19.3	15	NA	 60.9	 13.3	3	 997.2	6.9	NA	 4.6
495	1991	12	 -3.4	  0.0	  9.2	28	 -7.6	-23.3	21	NA	  4.1	  1.5	26	1003.4	5.0	NA	 5.9
495	1992	1	 -0.5	  2.9	 11.5	27	 -4.8	-18.2	4	NA	 16.6	  8.5	7	1005.5	5.5	NA	 6.4
495	1992	2	 -4.2	 -0.1	  6.8	6	 -8.3	-20.2	11	NA	 23.2	  8.6	27	 993.4	6.1	NA	 7.4
495	1992	3	 -3.9	 -0.6	  6.5	8	 -7.4	-20.4	14	NA	  9.9	  2.6	18	1001.6	6.1	NA	 6.6
495	1992	4	 -1.5	  0.8	  5.8	21	 -3.8	 -9.7	7	NA	  4.4	  2.0	28	1008.1	6.7	NA	 6.2
495	1992	5	  4.2	  8.2	 19.7	26	  0.7	 -6.9	15	NA	 13.9	  7.0	18	1010.4	5.9	NA	 5.5
495	1992	6	  7.4	 11.7	 17.7	5	  3.8	 -2.6	15	NA	 37.1	  7.6	23	1010.6	6.3	NA	 7.3
495	1992	7	  7.9	 12.4	 24.0	6	  3.9	 -1.7	2	NA	 50.4	  7.4	25	1008.2	6.1	NA	 4.4
495	1992	8	  7.2	 11.4	 16.1	9	  3.4	 -1.3	5	NA	 35.3	  8.8	28	1003.2	6.2	NA	 5.1
495	1992	9	  4.2	  6.9	 13.7	30	  2.2	 -2.2	4	NA	 65.6	 13.1	13	1006.6	7.3	NA	 4.9
495	1992	10	  0.4	  3.9	 13.8	7	 -3.0	-15.8	29	NA	 28.9	 12.1	8	1013.4	6.1	NA	 4.5
495	1992	11	 -3.8	 -0.9	  4.9	8	 -7.9	-20.9	21	NA	 23.0	  7.5	6	 989.9	5.8	NA	 5.8
495	1992	12	 -4.2	 -1.1	  5.5	27	 -7.9	-17.5	19	NA	 34.4	  4.3	14	 995.2	6.1	NA	 9.0
495	1993	1	 -7.4	 -4.0	  4.7	31	-11.8	-21.6	25	NA	 45.7	 15.5	17	 986.3	6.4	NA	 7.6
495	1993	2	 -3.5	  0.4	  7.5	7	 -7.7	-19.6	5	NA	 12.9	  2.3	18	1008.8	5.4	NA	 7.0
495	1993	3	 -2.4	  0.7	  7.8	1	 -5.5	-17.1	22	NA	 24.7	 12.6	27	 997.7	5.3	NA	 6.3
495	1993	4	 -0.3	  2.2	  8.3	28	 -3.0	 -9.2	24	NA	  4.9	  0.9	1	1008.7	5.8	NA	 6.0
495	1993	5	  2.4	  6.3	 15.3	26	 -0.7	 -6.4	15	NA	 23.1	  6.4	23	1021.1	6.0	NA	 6.9
495	1993	6	  5.7	 10.5	 16.7	27	  2.3	 -1.9	2	NA	 16.9	  6.8	27	1014.1	6.2	NA	 5.4
495	1993	7	  4.7	  8.0	 15.0	18	  3.2	  0.2	10	NA	105.9	 14.1	1	1012.8	7.8	NA	 5.3
495	1993	8	  7.0	 11.3	 18.3	25	  3.7	 -2.3	13	NA	 42.7	  9.6	6	1009.9	6.9	NA	 5.4
495	1993	9	  6.5	 10.8	 16.4	3	  3.5	 -2.6	16	NA	  9.1	  4.4	27	1012.9	5.8	NA	 4.0
495	1993	10	  0.4	  3.6	 11.1	26	 -2.5	-16.1	16	NA	 10.4	  2.7	15	1020.3	5.8	NA	 5.2
495	1993	11	  1.3	  4.0	  8.2	1	 -2.0	 -8.1	13	NA	 27.0	 10.5	22	 996.5	5.1	NA	 8.0
495	1993	12	 -6.0	 -3.5	  3.4	29	-10.2	-18.6	19	NA	 25.1	  4.0	16	 996.5	6.4	NA	 5.7
495	1994	1	 -7.1	 -3.8	  4.0	18	-11.5	-23.2	25	NA	 39.2	  8.4	30	 999.5	6.4	NA	 8.1
495	1994	2	 -3.7	 -0.5	  5.5	14	 -7.1	-19.9	26	NA	  7.8	  4.5	2	1008.6	4.7	NA	 6.7
495	1994	3	 -5.8	 -3.0	  3.6	28	 -9.9	-24.2	19	NA	 24.3	  3.7	16	 988.6	6.4	NA	 6.2
495	1994	4	 -3.3	 -0.4	  5.9	17	 -6.6	-13.5	30	NA	 18.7	  3.0	8	1008.1	6.1	NA	 5.4
495	1994	5	  3.5	  6.5	 10.4	28	  0.5	 -5.9	1	NA	 17.5	  9.4	30	1014.9	6.3	NA	 4.8
495	1994	6	  5.4	  8.7	 16.2	12	  2.4	 -1.9	2	NA	 31.8	  8.0	5	1003.6	6.9	NA	 5.3
495	1994	7	 11.8	 16.2	 23.8	7	  7.6	  1.9	24	NA	 18.7	  5.5	13	1005.4	6.0	NA	 5.7
495	1994	8	  9.4	 14.4	 21.8	7	  5.0	 -1.7	30	NA	 39.8	 14.0	21	1010.3	5.1	NA	 4.1
495	1994	9	  3.4	  7.7	 15.7	2	  0.0	 -9.7	29	NA	 29.3	  8.7	24	1011.0	5.3	NA	 4.8
495	1994	10	 -1.0	  1.7	  9.9	5	 -4.5	-16.7	16	NA	 59.6	 12.9	22	1008.3	6.9	NA	 4.7
495	1994	11	 -1.3	  1.1	  6.8	29	 -5.1	-17.2	18	NA	 45.8	  9.1	30	1000.7	6.0	NA	 5.4
495	1994	12	 -4.8	 -1.7	  7.1	2	 -8.7	-15.1	31	NA	 44.4	  6.7	4	 992.8	6.1	NA	 7.5
495	1995	1	 -6.0	 -3.0	  4.1	12	-10.4	-24.6	27	NA	 35.8	  6.3	16	 993.8	6.3	NA	 7.8
495	1995	2	 -7.8	 -4.6	  1.1	3	-11.8	-23.3	10	NA	 20.9	  3.0	15	 992.7	6.2	NA	 5.5
495	1995	3	 -6.1	 -2.6	  7.5	22	-10.4	-22.3	28	NA	 56.5	 10.0	11	 999.4	6.0	NA	 7.8
495	1995	4	 -3.5	 -0.7	  4.4	9	 -6.5	-16.6	4	NA	 14.3	  3.0	10	1020.1	5.8	NA	 6.1
495	1995	5	  0.4	  3.6	 10.7	2	 -2.1	 -7.8	19	NA	 27.2	  5.1	26	1017.7	6.4	NA	 3.5
495	1995	6	  8.2	 12.9	 18.5	30	  4.1	 -2.3	3	NA	 19.7	  4.0	20	1014.8	5.5	NA	 7.2
495	1995	7	  7.7	 12.9	 20.0	29	  4.0	 -1.7	19	NA	 26.8	  6.0	5	1010.0	5.8	NA	 6.1
495	1995	8	  9.9	 15.3	 20.3	7	  5.6	 -3.3	24	NA	 23.8	  4.9	12	1009.5	5.6	NA	 6.1
495	1995	9	  3.9	  8.1	 16.7	16	  0.4	-12.8	29	NA	 14.8	  5.5	21	1011.1	5.5	NA	 5.9
495	1995	10	 -0.3	  1.5	  5.5	5	 -2.8	-10.9	14	NA	 79.1	 11.3	25	1001.3	7.2	NA	 6.0
495	1995	11	 -2.5	 -0.3	  5.5	7	 -6.1	-13.8	27	NA	 16.1	  3.6	22	1019.3	6.0	NA	 5.8
495	1995	12	 -6.8	 -3.2	  8.5	10	-10.4	-29.2	26	NA	 19.6	 12.2	6	1017.9	4.7	NA	 6.1
495	1996	1	 -1.8	  0.5	  5.5	17	 -5.6	-19.9	1	NA	  4.7	  2.9	10	1006.2	5.1	NA	 6.2
495	1996	2	 -4.8	 -1.3	  6.5	21	 -9.4	-19.9	27	NA	 22.7	  3.9	8	1005.8	6.1	NA	 8.3
495	1996	3	 -0.6	  2.5	  6.0	6	 -3.6	-13.6	24	NA	  2.2	  0.7	1	1017.2	4.3	NA	 8.7
495	1996	4	  0.1	  3.1	  8.0	15	 -2.0	 -8.7	5	NA	  8.2	  2.8	17	1013.1	6.7	NA	 6.6
495	1996	5	  3.3	  7.5	 13.1	29	 -0.8	 -7.8	1	NA	 14.6	  3.9	25	1019.0	5.4	NA	 6.1
495	1996	6	  6.9	 11.4	 19.9	24	  3.5	 -2.4	3	NA	 43.2	 10.5	11	1011.0	6.5	NA	 5.5
495	1996	7	  9.8	 14.7	 22.2	17	  5.6	  2.1	3	NA	 35.4	  8.5	26	1007.5	6.1	NA	 6.0
495	1996	8	  8.5	 13.5	 17.5	28	  4.6	 -0.4	25	NA	 22.4	  4.1	3	1008.3	5.9	NA	 6.2
495	1996	9	  9.2	 13.0	 17.9	14	  6.2	 -0.2	23	NA	 30.6	  7.9	28	1008.0	5.8	NA	 7.0
495	1996	10	  0.9	  3.7	 10.2	23	 -2.4	-16.0	13	NA	 26.1	  5.9	21	 998.9	6.4	NA	 6.9
495	1996	11	 -8.2	 -4.7	  7.5	14	-13.1	-23.2	4	NA	 41.2	  7.7	13	1009.9	5.4	NA	 4.8
495	1996	12	 -6.1	 -3.0	  2.0	30	-10.6	-23.5	16	NA	 22.1	  9.5	9	1017.5	5.4	NA	 5.5
495	1997	1	 -4.6	 -1.4	  6.3	29	 -9.2	-20.1	7	NA	  9.6	  3.5	17	1010.8	4.8	NA	 8.6
495	1997	2	 -5.5	 -2.5	  4.6	1	 -9.5	-18.0	3	NA	 19.5	  4.8	21	 984.2	6.3	NA	 8.7
495	1997	3	 -4.6	 -1.4	  5.6	8	 -8.4	-25.5	15	NA	 15.4	  5.0	12	1002.4	5.7	NA	 7.9
495	1997	4	 -0.5	  3.2	  9.0	19	 -3.7	-14.8	4	NA	 10.6	  1.9	8	1015.5	6.1	NA	 7.1
495	1997	5	  1.8	  5.5	 20.2	31	 -1.5	 -9.1	6	NA	 15.8	  8.3	13	1020.2	6.0	NA	 6.3
495	1997	6	  5.7	 10.6	 22.4	3	  1.9	 -5.1	7	NA	 35.7	 14.7	17	1016.2	6.0	NA	 5.8
495	1997	7	 11.8	 16.3	 22.0	3	  8.1	  2.8	6	NA	 57.9	 20.9	4	1009.8	6.3	NA	 4.9
495	1997	8	  9.2	 14.3	 27.0	13	  5.7	 -0.7	10	NA	 67.0	 13.0	9	1006.2	5.8	NA	 5.7
495	1997	9	  4.9	  8.9	 18.2	23	  2.0	 -6.7	13	NA	 23.4	  6.5	25	1006.4	5.8	NA	 6.6
495	1997	10	  0.6	  3.4	  9.5	29	 -2.0	-12.2	19	NA	 54.0	  7.3	14	1011.2	6.4	NA	 4.8
495	1997	11	 -0.0	  1.7	  5.5	20	 -2.3	 -9.7	13	NA	 18.4	  5.7	19	1004.1	6.5	NA	 5.0
495	1997	12	 -1.7	  0.7	 11.5	14	 -4.8	-12.7	3	NA	  7.6	  1.7	13	1001.8	5.1	NA	 5.8
495	1998	1	 -4.1	 -0.9	  5.5	26	 -7.7	-24.2	18	NA	 23.2	  7.5	10	1006.6	6.0	NA	 7.5
495	1998	2	 -6.7	 -2.2	  7.0	24	-10.9	-19.2	2	NA	 21.7	  5.5	25	 996.7	5.3	NA	 7.2
495	1998	3	 -6.7	 -2.5	  9.0	21	-11.3	-27.7	7	NA	 24.9	  5.5	5	1008.1	5.2	NA	 7.2
495	1998	4	 -1.8	  0.9	  6.0	24	 -4.3	-12.2	10	NA	 13.2	  5.5	27	1015.2	5.8	NA	 5.6
495	1998	5	  4.3	  9.0	 16.0	26	  0.3	 -7.7	9	NA	 10.9	  2.9	31	1015.6	5.4	NA	 6.4
495	1998	6	  5.0	  9.1	 13.0	17	  1.0	 -5.2	2	NA	 18.9	 11.3	22	1018.1	6.0	NA	 5.3
495	1998	7	  7.1	 11.2	 19.3	1	  3.5	 -1.5	10	NA	 43.3	  9.7	16	1009.2	6.9	NA	 5.1
495	1998	8	  8.7	 13.5	 18.0	12	  4.8	 -2.8	25	NA	 47.9	 20.3	6	1005.1	6.0	NA	 6.3
495	1998	9	  3.9	  7.0	 14.0	4	  1.8	 -4.2	29	NA	 38.2	  9.8	12	1015.3	6.4	NA	 6.3
495	1998	10	 -1.6	  1.1	 12.5	6	 -4.3	-17.7	18	NA	 26.6	  3.8	27	1003.2	6.7	NA	 7.1
495	1998	11	 -3.0	 -0.1	  7.4	30	 -7.7	-22.7	6	NA	 55.6	 13.6	1	1003.9	5.9	NA	 6.6
495	1998	12	 -3.3	 -0.8	  6.5	7	 -6.5	-18.7	20	NA	 30.5	  5.4	31	 995.1	6.3	NA	 7.2
495	1999	1	 -4.8	 -1.7	  8.8	31	 -9.0	-19.0	22	NA	 26.5	  5.2	17	 996.0	6.3	NA	 7.6
495	1999	2	 -5.5	 -1.5	  7.0	1	 -9.7	-21.8	17	NA	 19.3	  4.4	21	 997.0	6.0	NA	 8.2
495	1999	3	 -6.8	 -3.8	  1.2	17	 -9.9	-20.7	31	NA	 26.8	  4.6	11	1008.8	6.6	NA	 5.5
495	1999	4	 -2.9	  0.8	 10.5	26	 -6.6	-16.8	1	NA	 27.4	  5.7	27	1015.2	5.5	NA	 5.9
495	1999	5	  3.1	  6.6	 12.3	17	  0.4	 -6.6	3	NA	 41.4	 20.9	22	1009.5	6.1	NA	 8.2
495	1999	6	  8.1	 12.6	 21.5	11	  3.8	 -1.1	17	NA	 32.4	 10.0	25	1008.4	5.6	NA	 7.1
495	1999	7	  9.9	 14.6	 22.2	29	  5.6	  0.2	25	NA	 35.1	 10.6	15	1009.1	5.7	NA	 5.7
495	1999	8	  9.6	 14.6	 21.0	4	  5.0	 -2.3	9	NA	 11.1	  3.0	30	1012.9	5.5	NA	 4.9
495	1999	9	  5.5	  9.0	 15.8	20	  2.1	 -5.3	29	NA	 58.2	 16.1	9	1000.0	6.5	NA	 5.5
495	1999	10	  1.3	  4.2	 11.0	14	 -1.5	-10.6	26	NA	 36.7	  8.7	2	1006.3	5.9	NA	 5.1
495	1999	11	 -2.2	  1.2	 13.0	19	 -5.9	-15.7	28	NA	 31.6	 11.3	1	1003.6	5.8	NA	 5.3
495	1999	12	 -5.9	 -2.7	  3.0	20	-10.5	-20.4	5	NA	 20.0	  3.4	3	 996.9	6.1	NA	 5.9
495	2000	1	 -3.7	 -0.4	  8.0	17	 -8.2	-20.6	4	NA	 21.4	  5.2	8	1004.7	5.6	NA	 6.7
495	2000	2	 -5.6	 -2.6	  3.6	5	 -9.2	-18.2	13	NA	 42.8	 10.2	29	 990.8	6.3	NA	 7.1
495	2000	3	 -3.9	 -0.5	 11.0	28	 -7.8	-18.0	4	NA	 22.9	  6.7	27	1009.2	6.1	NA	 8.3
495	2000	4	 -3.2	  0.0	 10.2	30	 -6.7	-15.7	2	NA	 12.0	  2.1	4	1019.3	5.8	NA	 5.1
495	2000	5	  4.8	  9.4	 19.5	12	  0.9	 -6.8	20	NA	 15.9	  3.4	22	1008.3	5.9	NA	 7.4
495	2000	6	  6.9	 11.6	 23.5	29	  1.7	 -5.8	3	NA	 29.9	 12.8	19	1014.5	5.5	NA	 5.9
495	2000	7	 11.4	 16.5	 24.0	23	  6.4	  1.2	9	NA	 11.5	  3.3	13	1013.1	5.3	NA	 4.5
495	2000	8	  9.6	 14.8	 21.5	8	  5.2	  0.7	6	NA	 54.1	 14.7	16	1009.5	6.2	NA	 4.4
495	2000	9	  6.0	 10.4	 16.6	3	  3.1	 -3.2	19	NA	 53.3	  8.4	15	1005.4	5.6	NA	 6.1
495	2000	10	  1.4	  4.1	 12.0	6	 -1.6	 -9.7	13	NA	 18.0	  3.8	30	 996.4	6.4	NA	 4.7
495	2000	11	 -2.6	 -0.6	  3.0	15	 -6.0	-17.3	8	NA	 40.7	  9.7	1	1004.6	7.0	NA	 5.6
495	2000	12	 -4.4	 -1.9	  4.0	20	 -7.0	-23.2	30	NA	 31.1	 10.1	1	1008.4	6.9	NA	 5.4
495	2001	1	 -1.8	 -0.1	  6.0	14	 -4.3	-11.2	3	NA	 23.9	  7.5	28	1004.1	6.6	NA	 8.3
495	2001	2	 -4.5	 -0.9	  7.5	17	 -7.7	-17.4	9	NA	 13.4	  2.6	2	1011.2	5.7	NA	 8.2
495	2001	3	 -6.1	 -3.1	  3.1	31	 -9.6	-21.2	25	NA	 21.3	  6.4	5	1009.5	6.6	NA	 5.5
495	2001	4	 -2.2	  1.8	  7.0	20	 -5.2	-17.7	11	NA	 18.8	  6.1	1	1012.1	5.7	NA	 5.6
495	2001	5	  3.2	  6.9	 13.5	10	 -0.1	 -7.7	3	NA	 30.2	  6.2	21	1014.4	6.1	NA	 7.0
495	2001	6	  6.2	 11.1	 19.3	24	  1.8	 -4.5	13	NA	 13.7	  2.3	5	1014.1	5.8	NA	 6.0
495	2001	7	  8.3	 12.7	 18.3	27	  5.0	  0.7	1	NA	107.8	 42.6	9	1011.4	6.6	NA	 5.0
495	2001	8	  7.7	 11.8	 15.5	10	  4.7	 -2.6	7	NA	 41.1	 14.0	25	1006.5	6.7	NA	 5.1
495	2001	9	  5.9	 10.2	 16.2	4	  3.2	 -2.7	28	NA	 45.2	  9.2	15	1012.4	6.5	NA	 6.2
495	2001	10	  2.1	  5.0	 10.6	15	 -0.4	-11.2	31	NA	 25.8	  8.4	25	1001.3	6.4	NA	 5.6
495	2001	11	 -2.2	  2.1	 11.1	10	 -6.5	-14.5	28	NA	 14.9	  2.5	28	1002.7	6.1	NA	 7.9
495	2001	12	 -2.6	  1.0	  8.0	14	 -6.4	-19.1	27	NA	 18.0	  5.7	1	1015.6	5.7	NA	 7.2
495	2002	1	 -4.1	 -0.3	 10.4	7	 -9.2	-28.9	26	NA	 23.5	 11.5	15	 999.7	5.6	NA	 7.5
495	2002	2	 -7.7	 -4.5	  5.4	13	-11.7	-19.7	28	NA	 29.3	  6.0	2	 996.5	6.7	NA	 7.5
495	2002	3	 -5.5	 -2.0	  4.9	13	-10.0	-21.2	8	NA	  7.4	  0.9	24	1006.0	5.5	NA	 6.6
495	2002	4	  0.9	  4.2	 11.4	20	 -1.8	 -9.7	27	NA	 49.1	  9.4	22	1004.3	6.4	NA	 9.1
495	2002	5	  3.1	  6.7	 14.9	18	  0.3	 -6.5	3	NA	 57.0	 10.4	31	1011.5	6.0	NA	 7.8
495	2002	6	  7.8	 12.4	 19.8	10	  3.9	 -1.5	23	NA	 36.5	 12.6	18	1008.7	6.3	NA	 6.0
495	2002	7	  9.1	 13.6	 18.5	5	  5.5	  0.0	10	NA	 59.0	 14.7	11	1007.1	6.6	NA	 5.3
495	2002	8	  8.5	 13.6	 21.4	2	  5.0	 -2.5	18	NA	 60.7	 18.7	16	1008.9	6.8	NA	 4.9
495	2002	9	  7.5	 12.7	 22.5	13	  4.4	 -3.4	29	NA	 24.8	  6.8	19	1014.5	5.9	NA	 4.6
495	2002	10	  1.2	  3.9	 13.6	5	 -1.8	-19.2	28	NA	 45.8	  7.8	22	1013.8	6.2	NA	 6.6
495	2002	11	  1.2	  2.6	  5.6	28	 -1.4	-12.7	16	NA	 20.8	  8.4	7	1002.8	6.6	NA	 7.5
495	2002	12	 -0.4	  2.3	  9.2	6	 -3.1	-12.2	31	NA	 12.8	  6.1	4	1010.2	5.2	NA	 5.9
495	2003	1	 -4.8	 -1.7	  3.8	12	 -8.5	-20.8	23	NA	 25.9	  8.5	12	1008.2	5.8	NA	 5.9
495	2003	2	 -0.7	  2.0	  6.6	15	 -4.1	-14.8	5	NA	 12.7	  3.4	21	 998.3	5.9	NA	 9.6
495	2003	3	  0.5	  3.6	 10.0	24	 -2.4	-14.8	11	NA	 11.2	  3.0	30	1004.0	5.5	NA	 7.7
495	2003	4	  2.4	  7.0	 18.4	18	 -0.8	-12.7	2	NA	 12.5	  6.4	12	1016.3	6.2	NA	 7.3
495	2003	5	  3.0	  7.5	 16.4	16	 -1.3	-10.5	5	NA	 28.6	 18.8	27	1011.7	5.6	NA	 5.2
495	2003	6	  8.9	 12.8	 21.1	28	  4.9	  0.2	3	NA	 40.9	  8.3	20	1009.7	6.3	NA	 6.2
495	2003	7	 10.4	 14.8	 24.5	18	  6.7	  1.7	6	NA	 45.4	  6.5	10	1008.3	6.7	NA	 5.1
495	2003	8	 11.5	 16.4	 21.0	4	  7.0	 -1.0	28	NA	 20.8	  8.2	13	1012.6	6.1	NA	 4.8
495	2003	9	  5.1	  9.3	 16.5	1	  1.6	 -8.9	26	NA	 29.0	 10.1	22	1006.7	5.8	NA	 7.2
495	2003	10	  0.1	  3.1	 11.6	16	 -3.1	-10.7	21	NA	 24.6	  4.3	10	1013.6	5.9	NA	 5.5
495	2003	11	 -1.4	  1.2	  9.4	7	 -5.2	-16.0	25	NA	 32.8	  7.0	30	 998.1	5.9	NA	 5.2
495	2003	12	 -4.7	 -0.8	  7.5	6	 -9.8	-24.8	29	NA	 36.0	  6.4	17	1006.8	6.3	NA	 5.4
495	2004	1	 -5.0	 -1.9	  5.0	21	 -9.2	-20.7	16	NA	 43.3	 10.5	12	 999.6	6.3	NA	 6.7
495	2004	2	 -3.4	 -0.1	 10.2	19	 -6.8	-18.3	8	NA	 26.7	  6.8	1	1013.5	6.1	NA	 8.2
495	2004	3	  0.4	  2.9	  9.0	8	 -2.5	-11.8	18	NA	 15.6	  4.2	16	1005.3	6.1	NA	 8.8
495	2004	4	  1.6	  4.7	 10.7	26	 -1.1	 -8.7	7	NA	 26.9	  7.7	5	1004.8	7.0	NA	 7.8
495	2004	5	  3.8	  8.0	 18.0	28	  0.6	 -5.5	5	NA	 60.8	 12.8	17	1013.3	6.9	NA	 5.9
495	2004	6	  7.9	 12.4	 18.7	12	  3.4	 -1.7	25	NA	 15.1	  4.0	3	1013.6	5.9	NA	 5.7
495	2004	7	 10.3	 15.4	 23.9	9	  5.9	 -0.8	4	NA	 36.2	  8.7	2	1008.2	5.8	NA	 5.3
495	2004	8	 10.7	 16.4	 27.0	11	  5.1	 -0.6	18	NA	  8.1	  2.2	4	1012.1	4.8	NA	 5.2
495	2004	9	  5.9	  9.9	 14.5	8	  2.8	 -5.3	15	NA	 57.7	 15.7	4	1002.6	6.0	NA	 6.1
495	2004	10	  0.6	  3.4	 12.6	1	 -2.4	-12.2	28	NA	 24.0	  9.9	5	1009.1	6.4	NA	 6.8
495	2004	11	 -2.7	  0.6	 12.0	6	 -7.7	-24.8	21	NA	 34.9	 12.8	9	1010.1	6.1	NA	 5.9
495	2004	12	 -5.2	 -1.5	  6.0	13	 -9.4	-24.9	23	NA	 22.5	  4.0	22	 991.9	5.6	NA	 7.3
495	2005	1	 -4.2	 -1.2	  6.1	29	 -8.6	-20.3	18	NA	 22.7	  4.5	4	 999.0	6.3	NA	 8.2
495	2005	2	 -3.7	  0.1	  6.5	16	 -7.0	-16.8	5	NA	 14.2	  4.0	4	1014.5	5.1	NA	 5.8
495	2005	3	 -1.2	  1.9	  9.5	21	 -5.1	-16.9	15	NA	 12.0	  3.5	14	1016.6	5.4	NA	 6.4
495	2005	4	 -0.3	  3.2	 10.5	20	 -3.8	-19.0	8	NA	 24.6	  6.2	1	1011.0	6.4	NA	 7.4
495	2005	5	  1.4	  4.9	 11.8	12	 -3.1	 -7.1	19	NA	 13.0	  2.5	2	1018.9	6.0	NA	 6.7
495	2005	6	  7.3	 11.9	 20.5	28	  3.7	 -3.3	5	NA	 36.0	  7.7	17	1013.4	6.7	NA	 5.7
495	2005	7	 11.0	 16.4	 21.6	24	  7.0	  2.4	14	NA	 41.9	 13.2	19	1009.1	6.2	NA	 6.1
495	2005	8	  7.3	 11.7	 20.7	9	  4.2	 -0.3	23	NA	 86.3	 14.2	26	1005.5	7.0	NA	 6.0
495	2005	9	  2.0	  4.9	 11.6	4	 -0.9	 -5.8	25	NA	 54.3	  7.1	28	1004.6	6.9	NA	 5.9
495	2005	10	 -1.2	  1.6	 10.7	17	 -4.5	-18.1	26	NA	 53.4	  6.3	4	1006.2	6.7	NA	 5.5
495	2005	11	 -3.4	 -0.7	  5.1	20	 -7.5	-15.0	29	NA	 22.5	  5.4	7	1007.3	6.0	NA	 6.1
495	2005	12	 -2.5	  0.7	  7.1	26	 -6.5	-16.2	7	NA	 29.5	  7.9	11	1006.9	5.8	NA	 6.6
495	2006	1	 -1.5	  1.7	  7.4	4	 -5.4	-15.1	17	NA	 19.4	  7.5	17	 997.4	5.6	NA	 7.9
495	2006	2	 -1.3	  2.0	  9.0	22	 -4.3	-17.1	9	NA	 19.9	  4.9	17	1011.9	5.9	NA	 5.2
495	2006	3	 -4.8	 -1.6	  6.8	18	 -8.2	-20.3	24	NA	 32.7	  4.9	23	1016.5	6.7	NA	 4.7
495	2006	4	 -2.2	  1.0	  7.8	28	 -5.8	-16.7	6	NA	 45.3	 16.1	30	1001.7	6.3	NA	 6.9
495	2006	5	  1.9	  5.6	 17.6	8	 -1.7	 -7.3	26	NA	 20.6	  3.1	24	1015.4	6.3	NA	 6.5
495	2006	6	  8.9	 13.6	 19.5	10	  4.4	 -1.8	13	NA	 19.9	  4.9	6	1008.4	6.2	NA	 7.2
495	2006	7	 10.0	 15.3	 20.8	23	  5.6	 -0.8	10	NA	 37.0	 13.0	21	1008.2	6.1	NA	 5.9
495	2006	8	 10.2	 15.1	 22.5	19	  6.2	  0.7	16	NA	 88.0	 18.7	30	1010.8	6.0	NA	 4.1
495	2006	9	  6.7	 10.4	 14.7	15	  3.7	 -2.3	26	NA	 31.1	  6.9	1	1006.3	6.5	NA	 5.3
495	2006	10	  0.9	  3.6	 11.3	13	 -1.3	-14.5	31	NA	 28.3	  6.4	11	1012.4	6.7	NA	 6.0
495	2006	11	 -4.2	 -0.9	  5.6	3	 -8.4	-20.0	18	NA	 27.7	  5.3	4	 997.0	6.8	NA	 6.9
495	2006	12	 -0.6	  2.1	  9.7	21	 -4.0	-15.3	18	NA	 19.1	  5.0	8	 992.7	6.4	NA	 7.1
495	2007	1	 -5.8	 -2.7	  6.3	30	-10.0	-23.5	17	NA	 27.6	  6.0	28	 998.6	6.5	NA	 4.6
495	2007	2	 -5.1	 -1.9	  6.4	3	 -8.1	-19.3	9	NA	 10.2	  1.7	26	1008.6	6.1	NA	 6.1
495	2007	3	 -1.4	  1.4	  9.0	31	 -4.8	-18.5	2	NA	 39.5	 10.6	27	 998.0	6.6	NA	 7.5
495	2007	4	  2.2	  6.4	 19.8	30	 -1.6	-12.3	19	NA	 19.2	  7.0	21	1010.0	5.5	NA	 7.7
495	2007	5	  1.6	  5.5	 18.9	1	 -1.8	 -4.5	22	NA	 23.7	  6.8	3	1009.2	6.9	NA	 5.9
495	2007	6	  9.8	 14.2	 18.8	9	  4.5	 -0.3	12	NA	 20.4	  5.7	27	1017.6	6.0	NA	 5.7
495	2007	7	  9.3	 14.5	 19.1	20	  4.7	 -2.1	16	NA	 16.6	  6.4	7	1012.0	6.0	NA	 4.4
495	2007	8	  7.8	 11.6	 19.8	8	  4.1	 -1.9	28	NA	 71.0	  9.4	30	1010.9	6.8	NA	 5.4
495	2007	9	  4.0	  7.5	 14.0	6	  1.1	 -5.9	15	NA	 84.2	 29.0	13	1008.4	6.9	NA	 7.6
495	2007	10	  2.3	  6.1	 14.4	19	 -0.7	 -8.8	29	NA	 42.9	 13.3	11	1001.5	6.3	NA	 7.9
495	2007	11	 -2.3	  0.9	  7.2	16	 -6.9	-16.8	25	NA	 14.4	  3.9	17	1010.7	6.2	NA	 6.1
495	2007	12	 -2.1	  1.0	  8.6	20	 -6.0	-15.1	4	NA	 22.6	  6.6	31	 999.2	6.3	NA	 8.1
495	2008	1	 -4.8	 -1.8	  5.0	1	 -8.9	-16.9	8	NA	 14.4	  3.5	7	 996.1	6.1	NA	 6.5
495	2008	2	 -4.2	 -1.1	  5.3	18	 -7.7	-17.7	1	NA	 26.2	  6.2	12	 998.2	6.5	NA	 7.7
495	2008	3	 -5.0	 -2.0	  4.5	5	 -8.5	-19.3	4	NA	 21.8	  2.9	21	1004.1	7.1	NA	 7.0
495	2008	4	 -3.2	  0.4	  5.3	24	 -6.5	-15.3	14	NA	 12.1	  2.6	29	1019.7	5.5	NA	 5.4
495	2008	5	  5.4	  9.3	 16.7	25	  1.8	 -4.8	16	NA	 14.0	  5.5	3	1020.7	6.0	NA	 6.2
495	2008	6	  6.8	 10.7	 16.2	1	  2.4	 -3.1	23	NA	 24.7	  5.4	1	1015.0	6.3	NA	 7.4
495	2008	7	 11.4	 16.9	 21.8	30	  6.6	  1.0	20	NA	 30.1	  7.7	15	1010.6	5.8	NA	 6.3
495	2008	8	  9.0	 14.0	 19.0	1	  4.6	  0.9	10	NA	 11.8	  3.9	28	1005.5	6.0	NA	 5.5
495	2008	9	  6.7	 10.8	 16.0	17	  3.7	 -3.8	30	NA	 25.1	  4.9	2	1005.6	6.3	NA	 8.1
495	2008	10	 -2.2	  0.5	  8.4	9	 -6.3	-17.5	23	NA	 53.3	 10.4	8	 998.8	6.7	NA	 6.6
495	2008	11	 -2.5	  0.9	  6.0	5	 -6.7	-15.6	15	NA	 37.0	  5.7	3	1006.7	6.7	NA	 7.1
495	2008	12	 -4.4	 -1.2	  6.8	24	 -9.1	-22.7	14	NA	 38.0	 23.3	13	1004.2	5.7	NA	 6.3
495	2009	1	 -2.0	  0.4	  5.3	8	 -5.6	-16.8	30	NA	 27.3	  6.8	19	 991.8	6.5	NA	 7.7
495	2009	2	 -6.1	 -2.7	  5.6	17	-10.2	-22.9	3	NA	 11.3	  1.7	1	1012.1	6.0	NA	 5.7
495	2009	3	 -4.1	 -1.1	  7.3	20	 -7.3	-21.8	7	NA	 27.6	  7.0	3	1002.9	6.8	NA	 7.1
495	2009	4	  0.7	  3.1	  7.0	29	 -1.7	 -7.6	13	NA	 19.3	  3.6	2	1007.3	6.8	NA	 6.5
495	2009	5	  4.2	  7.6	 13.3	28	  0.5	 -4.7	10	NA	 24.4	  5.5	9	1007.7	5.9	NA	 8.5
495	2009	6	  8.3	 12.9	 23.8	29	  3.4	 -0.8	10	NA	 30.8	  7.3	26	1018.5	6.0	NA	 5.0
495	2009	7	  9.3	 13.9	 22.7	1	  4.9	 -1.0	25	NA	 28.9	  6.1	28	1013.9	6.1	NA	 5.6
495	2009	8	  8.6	 12.2	 17.2	9	  4.8	 -0.3	22	NA	 84.2	 10.3	29	1005.3	6.9	NA	 6.0
495	2009	9	  5.1	  9.2	 20.0	13	  1.7	 -7.1	28	NA	 40.2	  6.7	8	1003.5	6.0	NA	 5.5
495	2009	10	  0.5	  3.6	 13.5	14	 -2.4	 -9.3	4	NA	 25.1	  5.0	18	1011.9	6.6	NA	 6.0
495	2009	11	 -1.2	  0.6	  7.5	9	 -3.4	-11.3	18	NA	 36.2	  3.9	21	 997.3	7.0	NA	 5.7
495	2009	12	 -3.7	 -1.0	  7.5	12	 -7.5	-19.9	30	NA	 40.4	  5.4	25	1012.0	6.2	NA	 6.4
495	2010	1	 -2.3	  0.3	  8.5	25	 -5.7	-23.1	2	NA	  1.6	  1.1	5	1011.9	5.8	NA	 6.1
495	2010	2	 -6.8	 -3.7	  3.1	13	-10.8	-20.0	23	NA	 28.1	  4.2	23	1017.5	6.4	NA	 4.6
495	2010	3	 -1.9	  0.5	  5.0	9	 -4.7	-20.8	2	NA	 16.6	  3.6	18	1012.6	6.8	NA	 7.3
495	2010	4	 -2.5	  0.9	  7.3	13	 -5.8	-13.8	22	NA	 25.0	  8.9	6	1013.9	5.7	NA	 6.5
495	2010	5	  3.9	  7.8	 14.8	31	  0.2	 -7.6	11	NA	 30.7	  7.9	12	1018.7	6.6	NA	 5.4
495	2010	6	  9.8	 15.0	 20.6	18	  3.9	 -1.9	7	NA	  8.8	  3.7	11	1015.5	5.1	NA	 5.8
495	2010	7	  9.9	 14.6	 22.8	25	  5.8	  0.7	19	NA	 47.3	  7.0	4	1006.0	6.3	NA	 5.3
495	2010	8	  9.3	 13.5	 20.4	9	  5.7	 -2.8	29	NA	 37.5	  9.0	22	1012.7	6.9	NA	 4.9
495	2010	9	  7.0	 10.6	 18.5	1	  4.0	 -5.6	23	NA	 56.4	 44.8	15	1010.1	6.4	NA	 7.2
495	2010	10	  1.7	  5.0	 13.8	10	 -0.9	-12.5	25	NA	 29.7	  3.7	19	1006.7	6.5	NA	 4.5
495	2010	11	 -4.2	 -1.6	  4.0	18	 -8.5	-16.9	6	NA	 40.4	 12.8	18	1012.7	6.4	NA	 5.4
495	2010	12	 -4.9	 -1.4	  6.3	10	 -9.5	-26.2	23	NA	 21.4	  3.5	6	1017.7	6.3	NA	 7.4
495	2011	1	 -3.0	 -0.6	  5.8	30	 -6.8	-15.9	6	NA	 20.1	  4.4	8	1007.7	6.7	NA	 8.8
495	2011	2	 -2.7	  0.7	  5.5	23	 -6.2	-15.9	7	NA	 15.7	  6.3	22	 992.0	5.9	NA	 7.7
495	2011	3	 -4.1	 -0.7	  6.4	26	 -7.7	-17.2	10	NA	 34.4	  6.0	2	1004.5	6.1	NA	 8.4
495	2011	4	  2.3	  5.7	 11.0	22	 -0.6	 -5.2	4	NA	 12.4	  8.8	23	 997.2	6.2	NA	 9.3
495	2011	5	  2.3	  6.2	 14.4	2	 -0.6	 -8.2	25	NA	 36.7	 15.0	11	1010.2	7.0	NA	 8.1
495	2011	6	  3.9	  8.0	 14.5	11	  0.9	 -4.5	7	NA	 43.7	 11.7	29	1016.2	6.9	NA	 6.4
495	2011	7	  9.9	 15.0	 21.5	24	  5.4	 -1.1	19	NA	 18.7	  8.9	25	1014.7	6.2	NA	 6.5
495	2011	8	  7.7	 11.8	 19.5	30	  3.9	 -1.8	12	NA	 29.4	 13.2	15	1013.2	6.4	NA	 5.1
495	2011	9	  5.7	  9.5	 15.3	1	  3.1	 -5.4	10	NA	 50.5	 16.6	7	 998.0	6.4	NA	 7.3
495	2011	10	  1.1	  3.5	 11.2	13	 -1.4	 -8.0	8	NA	109.1	 19.3	31	 996.6	7.0	NA	 6.4
495	2011	11	  0.8	  3.4	 10.0	15	 -1.9	-15.7	27	NA	 33.9	  4.3	26	 995.7	5.8	NA	 6.3
495	2011	12	 -7.3	 -3.8	  4.5	22	-10.9	-20.0	6	NA	 22.9	  3.8	14	 991.8	6.6	NA	 6.2
495	2012	1	 -3.0	  0.2	  7.3	29	 -7.0	-17.2	26	NA	 62.5	 13.7	19	 997.7	6.7	NA	 7.3
495	2012	2	 -0.8	  2.3	  6.0	6	 -3.9	-11.0	18	NA	 21.6	  7.0	21	1004.0	6.2	NA	 7.7
495	2012	3	 -0.8	  2.9	 10.0	26	 -4.0	-18.8	18	NA	 40.8	 20.5	4	NA	6.0	NA	 6.6
495	2012	4	 -1.5	  1.8	 11.7	30	 -4.2	-16.8	2	NA	 36.4	 10.6	8	1015.6	6.4	NA	 5.5
495	2012	5	  2.6	  6.9	 17.6	23	 -1.6	 -9.3	18	NA	  8.9	  2.2	6	1019.4	5.1	NA	 7.5
495	2012	6	  7.0	 11.2	 19.3	23	  1.6	 -2.7	13	NA	 13.6	  3.6	7	1018.1	5.4	NA	 5.0
495	2012	7	  9.5	 14.5	 19.4	29	  4.3	 -0.5	1	NA	 30.7	  7.2	24	1012.3	5.7	NA	 5.1
495	2012	8	  9.9	 14.5	 22.0	10	  5.7	 -2.2	26	NA	 12.7	  4.4	30	1011.6	5.6	NA	 5.9
495	2012	9	  2.9	  6.0	 14.8	1	  0.9	 -7.0	12	NA	122.3	 29.9	10	1001.0	6.9	NA	 6.6
495	2012	10	 -1.5	  1.8	  7.5	11	 -4.2	-14.5	26	NA	 49.3	 12.7	28	1013.5	6.0	NA	 4.0
495	2012	11	 -3.7	 -1.2	  3.4	15	 -7.8	-15.6	29	NA	 84.1	 15.4	11	1000.5	6.9	NA	 6.5
495	2012	12	 -4.3	 -1.5	  3.5	20	 -8.5	-20.0	19	NA	 30.2	  5.8	30	1006.8	6.4	NA	 7.4
495	2013	1	 -1.5	  1.4	  6.5	5	 -4.8	-15.3	26	NA	 42.6	 11.0	29	1001.7	6.4	NA	 7.8
495	2013	2	 -0.7	  1.4	  7.9	25	 -3.8	-11.8	1	NA	 11.6	  4.8	8	1009.9	6.4	NA	 6.4
495	2013	3	 -5.2	 -2.4	  5.4	1	 -8.1	-15.5	26	NA	 24.2	  7.1	5	1023.7	6.1	NA	 6.3
495	2013	4	 -5.3	 -0.9	  4.4	21	 -9.1	-20.5	12	NA	 34.7	  8.5	29	1011.4	6.2	NA	 5.6
495	2013	5	  1.9	  4.5	 13.0	29	 -0.9	-14.5	2	NA	 26.4	  5.9	11	1009.9	6.5	NA	 7.2
495	2013	6	  9.2	 13.9	 19.1	10	  5.5	  1.1	23	NA	 39.0	 11.1	21	1010.3	6.0	NA	 6.0
495	2013	7	 10.6	 15.8	 24.0	21	  6.4	  1.6	3	NA	 40.9	  7.3	12	1008.9	6.4	NA	 5.2
495	2013	8	  7.9	 12.2	 17.3	13	  4.8	 -0.3	12	NA	 32.7	  5.2	4	1003.4	6.9	NA	 6.6
495	2013	9	  3.4	  7.3	 17.3	7	  0.4	 -5.0	28	NA	 62.2	 16.2	16	1006.3	6.3	NA	 6.0
495	2013	10	  0.4	  2.8	 10.9	11	 -1.8	 -6.1	30	NA	 57.6	  9.1	1	1007.4	7.1	NA	 4.1
495	2013	11	 -3.3	  0.2	  7.6	26	 -8.0	-19.5	9	NA	 22.5	  6.3	29	1002.4	6.4	NA	 6.6
495	2013	12	 -5.1	 -1.5	  7.8	1	 -9.2	-24.2	7	NA	 63.7	 11.6	23	 988.7	6.6	NA	 7.3
495	2014	1	 -0.5	  1.0	  3.3	19	 -2.9	-10.0	29	NA	 31.0	  4.0	3	 992.8	7.4	NA	 8.4
495	2014	2	 -3.1	 -1.1	  2.4	4	 -5.3	-20.0	19	NA	 27.2	  3.5	22	 991.6	7.4	NA	 7.8
495	2014	3	 -2.5	  0.8	  6.8	11	 -5.5	-21.6	18	NA	 41.1	  6.4	13	 998.4	6.3	NA	 7.8
495	2014	4	  0.1	  3.4	  8.7	26	 -2.7	 -7.6	2	NA	  6.4	  1.3	10	1009.7	5.7	NA	 7.3
495	2014	5	  4.1	  7.4	 14.6	30	  1.2	 -4.8	1	NA	 25.3	 11.5	10	1015.0	6.3	NA	 6.2
495	2014	6	 11.3	 15.5	 20.4	13	  7.3	  2.2	3	NA	 75.1	 16.0	27	1016.7	6.0	NA	 4.9
495	2014	7	 11.1	 14.8	 20.6	21	  8.2	  3.5	31	NA	 80.9	 16.3	27	1006.8	6.9	NA	 6.2
495	2014	8	  8.0	 12.6	 21.0	31	  4.3	 -1.9	2	NA	 60.3	 22.5	9	1011.6	6.5	NA	 5.9
495	2014	9	  7.3	 11.5	 15.9	6	  3.9	 -1.8	26	NA	 42.4	 12.5	15	1006.8	6.4	NA	 6.4
495	2014	10	  0.5	  2.9	 10.5	7	 -2.7	-17.7	30	NA	 44.8	 11.5	23	1001.2	7.4	NA	 5.8
495	2014	11	  1.4	  3.5	  7.1	29	 -1.6	-14.3	10	NA	 35.9	 11.2	2	1003.9	6.6	NA	 7.2
495	2014	12	 -4.6	 -1.2	  8.4	30	 -8.2	-17.7	12	NA	 44.4	  6.8	22	 994.6	6.7	NA	 8.0
495	2015	1	 -5.1	 -1.8	  4.0	25	 -9.1	-17.0	11	NA	 42.5	  9.4	2	 991.4	6.3	NA	 6.4
495	2015	2	 -4.2	 -1.1	  5.9	15	 -7.3	-20.2	22	NA	 22.0	  5.1	27	 996.4	6.2	NA	 9.1
495	2015	3	 -2.5	  0.1	  6.6	21	 -5.5	-14.5	3	NA	 26.9	  6.0	20	 998.4	6.3	NA	 7.9
495	2015	4	 -0.8	  2.4	 13.0	18	 -3.6	-14.6	25	NA	 14.3	  3.0	28	1010.2	6.1	NA	 8.1
495	2015	5	  0.4	  3.3	 10.5	23	 -1.8	-10.5	8	NA	 25.0	  6.4	24	1008.0	6.9	NA	 5.9
495	2015	6	  6.0	  9.9	 16.9	20	  2.3	 -3.2	6	NA	 10.7	  1.9	3	1013.8	6.1	NA	 6.1
495	2015	7	  6.1	  9.8	 18.7	4	  3.5	 -1.5	29	NA	 81.5	 17.7	14	1014.8	7.3	NA	 4.5
495	2015	8	  8.5	 12.8	 19.4	25	  5.4	 -3.9	30	NA	 39.1	  4.9	13	1005.1	6.4	NA	 6.3
495	2015	9	  7.7	 11.6	 17.7	7	  4.4	 -1.3	24	NA	 36.6	 12.7	29	1009.8	6.2	NA	 6.1
495	2015	10	  2.8	  5.8	 11.7	1	  0.2	-10.5	26	NA	 38.4	 13.0	1	1003.9	6.0	NA	 6.3
495	2015	11	 -1.9	  1.1	  6.7	6	 -5.5	-16.0	20	NA	 42.1	 12.6	30	 994.9	6.0	NA	 4.6
495	2015	12	 -4.8	 -0.8	  6.3	29	 -9.4	-20.5	26	NA	 27.3	  4.1	6	 992.5	6.5	NA	 7.9
495	2016	1	 -5.3	 -2.0	  5.0	22	 -9.6	-19.4	15	NA	 23.9	  5.2	30	1002.4	6.0	NA	 5.8
495	2016	2	 -5.4	 -2.2	  3.5	16	 -9.3	-17.6	4	NA	 72.4	 40.0	12	1001.2	6.8	NA	 5.2
495	2016	3	 -3.0	  0.2	  9.7	14	 -6.3	-22.7	30	NA	 32.1	 18.3	25	1005.8	5.4	NA	 5.6
495	2016	4	 -1.9	  1.4	  4.8	23	 -5.4	-12.0	4	NA	 22.4	  5.2	29	1016.7	6.4	NA	 5.3
495	2016	5	  2.5	  6.3	 14.0	28	 -1.2	 -6.7	2	NA	 18.2	  4.4	7	1014.3	5.5	NA	 4.4
495	2016	6	 10.7	 15.7	 21.0	24	  6.2	  0.4	14	NA	 22.9	  7.9	17	1012.5	5.9	NA	 5.3
495	2016	7	  8.7	 12.7	 18.8	18	  5.4	  1.0	7	NA	 64.7	 17.0	21	1011.3	6.8	NA	 5.5
495	2016	8	  8.8	 13.8	 17.1	18	  4.2	 -2.4	9	NA	 48.3	  9.8	28	1010.2	5.9	NA	 4.6
495	2016	9	  6.2	 10.0	 14.1	3	  2.6	 -2.6	28	NA	 56.3	 16.8	11	 998.1	6.2	NA	 5.9
495	2016	10	  5.3	  8.9	 14.6	6	  2.0	 -6.2	29	NA	  4.5	  1.0	24	1011.1	5.9	NA	 8.3
495	2016	11	 -0.3	  2.7	 11.1	7	 -4.0	-11.3	22	NA	 52.8	  9.4	12	1005.2	6.7	NA	 5.5
495	2016	12	  0.2	  2.9	  7.1	27	 -3.2	-14.0	21	NA	 25.8	  5.2	25	 995.7	6.3	NA	 7.2
495	2017	1	 -3.0	  0.6	  7.2	16	 -7.3	-20.4	13	NA	 18.2	  5.4	20	1003.8	6.6	NA	 6.9
495	2017	2	 -0.0	  2.6	  6.8	12	 -2.7	-14.4	27	NA	 38.9	 11.2	10	 999.2	6.7	NA	 7.6
495	2017	3	 -2.7	  0.6	  8.2	25	 -6.4	-18.6	4	NA	 15.1	  8.7	13	1004.0	6.3	NA	 4.8
495	2017	4	 -0.3	  2.8	  9.3	27	 -3.1	-10.3	17	NA	 14.8	  3.1	7	1011.6	7.1	NA	 7.4
495	2017	5	  6.9	 12.0	 19.5	4	  2.5	 -1.8	7	NA	 25.5	 10.8	18	1015.2	5.9	NA	 7.2
495	2017	6	  6.6	 11.1	 17.6	30	  3.1	 -1.0	13	NA	 38.5	  8.5	22	1006.7	6.8	NA	 5.9
495	2017	7	 10.8	 14.9	 23.3	24	  6.4	  0.8	10	NA	 45.4	  7.4	14	1006.6	6.2	NA	 6.3
495	2017	8	  7.9	 12.7	 17.4	25	  3.5	 -2.0	13	NA	 44.2	  7.3	9	1009.3	6.2	NA	 4.5
495	2017	9	  8.3	 12.4	 21.7	1	  5.1	 -1.2	15	NA	 31.4	  6.8	29	1002.5	6.6	NA	 6.4
495	2017	10	  3.1	  5.9	 10.4	1	  0.4	 -7.6	17	NA	 41.1	 10.2	12	1002.1	6.7	NA	 4.2
495	2017	11	 -4.3	 -1.4	  8.0	1	 -8.1	-17.0	20	NA	 43.6	  4.3	21	1009.7	6.9	NA	 5.4
495	2017	12	 -5.4	 -1.9	  6.7	19	 -8.9	-24.3	29	NA	 17.7	  4.3	27	1006.3	6.6	NA	 5.3
495	2018	1	 -4.8	 -1.5	  5.0	13	 -8.5	-18.0	30	NA	 36.4	  7.5	13	 996.8	6.5	NA	 6.4
495	2018	2	 -2.4	  1.1	  9.6	4	 -6.4	-13.4	18	NA	 13.8	  5.3	1	 998.2	5.4	NA	 8.5
495	2018	3	 -3.0	 -0.1	  6.2	18	 -5.5	-15.7	9	NA	 17.9	  2.5	5	1012.9	6.3	NA	 5.0
495	2018	4	 -0.7	  2.6	 10.5	19	 -3.5	-16.2	6	NA	 13.1	  5.8	4	1009.8	6.3	NA	 5.3
495	2018	5	  5.3	  9.5	 19.9	30	  1.5	 -8.1	3	NA	 36.7	  7.8	15	1005.0	6.2	NA	 8.4
495	2018	6	 10.1	 14.6	 20.4	6	  5.1	 -1.0	21	NA	 25.4	  6.0	14	1011.1	5.9	NA	 5.9
495	2018	7	 10.1	 15.1	 21.5	27	  6.8	  2.7	6	NA	116.8	 20.0	5	NA	6.9	NA	 5.3
495	2018	8	  7.5	 12.1	 18.0	12	  4.0	 -2.5	30	NA	 69.3	 12.3	6	1005.2	6.7	NA	 5.0
495	2018	9	  4.1	  8.2	 15.1	4	  1.0	 -7.3	23	NA	 56.6	 11.0	21	NA	6.1	NA	 5.8
495	2018	10	  0.7	  3.3	  9.3	11	 -2.3	 -9.0	6	NA	 32.2	  6.7	26	 999.8	6.6	NA	 6.1
495	2018	11	 -0.9	  1.4	  9.8	18	 -3.8	-15.6	27	NA	 34.9	  9.7	13	1006.8	6.1	NA	 5.1
495	2018	12	 -1.3	  1.2	  6.5	25	 -4.2	-16.9	4	NA	 20.6	  5.6	4	1002.3	6.5	NA	 6.7
495	2019	1	 -4.0	 -0.4	  9.4	3	 -8.5	-20.6	27	NA	 42.3	  4.6	31	1008.8	6.4	NA	 4.9
495	2019	2	 -4.0	 -1.0	  6.5	23	 -8.2	-24.7	3	NA	 23.0	  3.3	8	1004.2	6.6	NA	 7.3
495	2019	3	 -3.0	  0.4	  6.5	26	 -6.3	-16.1	8	NA	  8.7	  1.9	23	 999.0	5.8	NA	 7.5
495	2019	4	  3.3	  6.9	 17.5	30	 -0.2	-12.3	3	NA	  7.3	  2.3	1	1015.4	5.3	NA	 7.6
495	2019	5	  2.9	  7.7	 18.4	14	 -1.2	 -7.5	12	NA	 16.4	  3.3	22	1022.2	6.5	NA	 5.6
495	2019	6	  6.9	 12.0	 23.5	9	  2.6	 -4.3	7	NA	 28.7	  5.4	28	1017.9	6.4	NA	 5.8
495	2019	7	 10.3	 14.9	 22.6	29	  6.7	  0.2	1	NA	 47.6	 10.1	14	1012.8	6.8	NA	 5.5
495	2019	8	  6.9	 11.7	 21.7	2	  3.0	 -2.6	16	NA	 83.3	 21.3	12	1008.2	6.7	NA	 5.6
495	2019	9	  6.3	 10.0	 17.4	23	  3.3	 -6.0	30	NA	 52.1	  8.3	12	1006.7	6.9	NA	 5.1
495	2019	10	  0.2	  3.1	 10.1	6	 -3.2	-17.0	24	NA	 36.0	  6.5	21	1011.4	6.2	NA	 5.8
495	2019	11	 -3.7	 -0.8	  5.9	22	 -7.3	-17.0	27	NA	  5.4	  3.1	14	1013.9	5.8	NA	 3.9
495	2019	12	 -3.1	 -0.1	 12.0	3	 -6.5	-13.5	13	NA	 48.3	  4.8	13	 995.6	7.2	NA	 6.5
495	2020	1	 -3.7	 -0.2	  8.2	22	 -7.3	-15.1	3	NA	 37.5	  9.2	15	 985.3	6.6	NA	 8.4
