#Mánaðarmeðaltöl fyrir stöð 462 - Mýri
stöð	 ár	mán	  t	  tx	  txx	txxD1	  tn	 tnn	tnnD1	 rh	 r	 rx	rxD1	 p	 n	sun	 f
462	1956	8	NA	NA	NA	NA	NA	NA	NA	NA	 32.2	  9.7	3	NA	NA	NA	NA
462	1956	9	NA	NA	NA	NA	NA	NA	NA	NA	 46.5	 10.9	21	NA	NA	NA	NA
462	1956	10	NA	NA	NA	NA	NA	NA	NA	NA	 30.5	  9.3	27	NA	NA	NA	NA
462	1956	11	NA	NA	NA	NA	NA	NA	NA	NA	 11.2	  6.1	27	NA	NA	NA	NA
462	1956	12	NA	NA	NA	NA	NA	NA	NA	NA	 17.0	  2.9	6	NA	NA	NA	NA
462	1957	1	NA	NA	NA	NA	NA	NA	NA	NA	  6.8	  2.3	9	NA	NA	NA	NA
462	1957	2	NA	NA	NA	NA	NA	NA	NA	NA	 17.3	  3.2	22	NA	NA	NA	NA
462	1957	3	NA	NA	NA	NA	NA	NA	NA	NA	 23.2	  5.9	21	NA	NA	NA	NA
462	1957	5	NA	NA	NA	NA	NA	NA	NA	NA	 10.7	  5.6	26	NA	NA	NA	NA
462	1957	6	NA	NA	NA	NA	NA	NA	NA	NA	  6.3	  2.1	2	NA	NA	NA	NA
462	1957	7	NA	NA	NA	NA	NA	NA	NA	NA	 20.1	  5.5	3	NA	NA	NA	NA
462	1957	8	NA	NA	NA	NA	NA	NA	NA	NA	 41.3	 12.2	8	NA	NA	NA	NA
462	1957	9	NA	NA	NA	NA	NA	NA	NA	NA	 41.6	  8.6	5	NA	NA	NA	NA
462	1957	10	NA	NA	NA	NA	NA	NA	NA	NA	 39.0	  9.2	23	NA	NA	NA	NA
462	1957	11	NA	NA	NA	NA	NA	NA	NA	NA	 17.0	  4.4	24	NA	NA	NA	NA
462	1957	12	NA	NA	NA	NA	NA	NA	NA	NA	 20.2	  4.2	23	NA	NA	NA	NA
462	1958	1	NA	NA	NA	NA	NA	NA	NA	NA	 31.1	  3.7	21	NA	NA	NA	NA
462	1958	2	NA	NA	NA	NA	NA	NA	NA	NA	 20.1	  4.7	20	NA	NA	NA	NA
462	1958	3	NA	NA	NA	NA	NA	NA	NA	NA	 12.1	  1.8	11	NA	NA	NA	NA
462	1958	4	NA	NA	NA	NA	NA	NA	NA	NA	 11.5	  5.0	24	NA	NA	NA	NA
462	1958	5	NA	NA	NA	NA	NA	NA	NA	NA	  3.4	  1.3	7	NA	NA	NA	NA
462	1958	6	NA	NA	NA	NA	NA	NA	NA	NA	 22.8	  6.0	30	NA	NA	NA	NA
462	1958	7	NA	NA	NA	NA	NA	NA	NA	NA	 42.0	 18.4	26	NA	NA	NA	NA
462	1958	8	NA	NA	NA	NA	NA	NA	NA	NA	 63.9	 19.9	22	NA	NA	NA	NA
462	1958	9	NA	NA	NA	NA	NA	NA	NA	NA	  4.1	  1.8	24	NA	NA	NA	NA
462	1958	10	NA	NA	NA	NA	NA	NA	NA	NA	 83.1	 20.7	10	NA	NA	NA	NA
462	1958	11	NA	NA	NA	NA	NA	NA	NA	NA	 29.4	 12.8	2	NA	NA	NA	NA
462	1958	12	NA	NA	NA	NA	NA	NA	NA	NA	 19.4	  4.8	19	NA	NA	NA	NA
462	1959	1	NA	NA	NA	NA	NA	NA	NA	NA	 17.7	  4.2	1	NA	NA	NA	NA
462	1959	2	NA	NA	NA	NA	NA	NA	NA	NA	 31.1	  7.2	28	NA	NA	NA	NA
462	1959	3	NA	NA	NA	NA	NA	NA	NA	NA	  5.8	  2.0	26	NA	NA	NA	NA
462	1959	4	NA	NA	NA	NA	NA	NA	NA	NA	 16.0	  2.9	8	NA	NA	NA	NA
462	1959	5	NA	NA	NA	NA	NA	NA	NA	NA	 10.2	  4.5	5	NA	NA	NA	NA
462	1959	6	NA	NA	NA	NA	NA	NA	NA	NA	 36.4	  9.2	16	NA	NA	NA	NA
462	1959	7	NA	NA	NA	NA	NA	NA	NA	NA	 28.3	 11.2	5	NA	NA	NA	NA
462	1959	8	NA	NA	NA	NA	NA	NA	NA	NA	 93.0	 16.4	15	NA	NA	NA	NA
462	1959	9	NA	NA	NA	NA	NA	NA	NA	NA	 32.7	 15.9	25	NA	NA	NA	NA
462	1959	10	NA	NA	NA	NA	NA	NA	NA	NA	 36.7	 14.0	15	NA	NA	NA	NA
462	1959	11	NA	NA	NA	NA	NA	NA	NA	NA	 35.7	  7.0	22	NA	NA	NA	NA
462	1959	12	NA	NA	NA	NA	NA	NA	NA	NA	 26.0	  5.7	15	NA	NA	NA	NA
462	1960	1	NA	NA	NA	NA	NA	NA	NA	NA	 19.4	 10.0	23	NA	NA	NA	NA
462	1960	2	NA	NA	NA	NA	NA	NA	NA	NA	 13.4	  5.2	3	NA	NA	NA	NA
462	1960	3	NA	NA	NA	NA	NA	NA	NA	NA	 23.3	  6.4	20	NA	NA	NA	NA
462	1960	4	NA	NA	NA	NA	NA	NA	NA	NA	 18.6	  6.1	6	NA	NA	NA	NA
462	1960	5	NA	NA	NA	NA	NA	NA	NA	NA	 38.7	 22.6	21	NA	NA	NA	NA
462	1960	6	NA	NA	NA	NA	NA	NA	NA	NA	 27.3	 10.0	4	NA	NA	NA	NA
462	1960	7	NA	NA	NA	NA	NA	NA	NA	NA	102.2	 22.3	27	NA	NA	NA	NA
462	1960	8	NA	NA	NA	NA	NA	NA	NA	NA	 21.9	  8.2	17	NA	NA	NA	NA
462	1960	9	NA	NA	NA	NA	NA	NA	NA	NA	 11.8	  4.7	6	NA	NA	NA	NA
462	1960	10	NA	NA	NA	NA	NA	NA	NA	NA	 19.7	 12.7	8	NA	NA	NA	NA
462	1960	11	NA	NA	NA	NA	NA	NA	NA	NA	 34.0	  5.9	23	NA	NA	NA	NA
462	1960	12	NA	NA	NA	NA	NA	NA	NA	NA	 23.4	  4.0	25	NA	NA	NA	NA
462	1961	1	NA	NA	NA	NA	NA	NA	NA	NA	 23.1	  9.0	29	NA	NA	NA	NA
462	1961	2	NA	NA	NA	NA	NA	NA	NA	NA	 27.2	 13.4	24	NA	NA	NA	NA
462	1961	3	NA	NA	NA	NA	NA	NA	NA	NA	 36.0	  7.7	16	NA	NA	NA	NA
462	1961	4	NA	NA	NA	NA	NA	NA	NA	NA	 30.5	  8.8	14	NA	NA	NA	NA
462	1961	5	NA	NA	NA	NA	NA	NA	NA	NA	 21.0	  7.1	3	NA	NA	NA	NA
462	1961	6	NA	NA	NA	NA	NA	NA	NA	NA	 57.2	  7.6	18	NA	NA	NA	NA
462	1961	7	NA	NA	NA	NA	NA	NA	NA	NA	 68.2	 18.0	31	NA	NA	NA	NA
462	1961	8	NA	NA	NA	NA	NA	NA	NA	NA	 56.1	 11.5	27	NA	NA	NA	NA
462	1961	9	NA	NA	NA	NA	NA	NA	NA	NA	 77.3	 21.5	26	NA	NA	NA	NA
462	1961	10	NA	NA	NA	NA	NA	NA	NA	NA	 69.3	 14.7	26	NA	NA	NA	NA
462	1961	11	NA	NA	NA	NA	NA	NA	NA	NA	 29.4	  5.0	9	NA	NA	NA	NA
462	1961	12	NA	NA	NA	NA	NA	NA	NA	NA	 50.7	  8.9	12	NA	NA	NA	NA
462	1962	1	NA	NA	NA	NA	NA	NA	NA	NA	 22.3	  4.5	12	NA	NA	NA	NA
462	1962	2	NA	NA	NA	NA	NA	NA	NA	NA	 13.6	  5.8	18	NA	NA	NA	NA
462	1962	3	NA	NA	NA	NA	NA	NA	NA	NA	  8.4	  1.2	6	NA	NA	NA	NA
462	1962	4	NA	NA	NA	NA	NA	NA	NA	NA	  5.9	  1.3	10	NA	NA	NA	NA
462	1962	5	NA	NA	NA	NA	NA	NA	NA	NA	 18.9	  6.2	23	NA	NA	NA	NA
462	1962	6	NA	NA	NA	NA	NA	NA	NA	NA	102.6	 43.6	16	NA	NA	NA	NA
462	1962	7	NA	NA	NA	NA	NA	NA	NA	NA	 29.1	  7.4	10	NA	NA	NA	NA
462	1962	8	NA	NA	NA	NA	NA	NA	NA	NA	 53.0	 11.2	3	NA	NA	NA	NA
462	1962	9	NA	NA	NA	NA	NA	NA	NA	NA	 42.9	 12.5	1	NA	NA	NA	NA
462	1962	10	NA	NA	NA	NA	NA	NA	NA	NA	 36.3	  6.8	7	NA	NA	NA	NA
462	1962	11	NA	NA	NA	NA	NA	NA	NA	NA	 13.0	  3.0	6	NA	NA	NA	NA
462	1962	12	NA	NA	NA	NA	NA	NA	NA	NA	 20.7	  5.7	7	NA	NA	NA	NA
462	1963	1	NA	NA	NA	NA	NA	NA	NA	NA	  6.5	  4.9	15	NA	NA	NA	NA
462	1963	2	NA	NA	NA	NA	NA	NA	NA	NA	 20.4	  6.9	26	NA	NA	NA	NA
462	1963	3	NA	NA	NA	NA	NA	NA	NA	NA	 18.8	  5.1	16	NA	NA	NA	NA
462	1963	4	NA	NA	NA	NA	NA	NA	NA	NA	 21.7	  3.3	7	NA	NA	NA	NA
462	1963	5	NA	NA	NA	NA	NA	NA	NA	NA	 27.7	 10.2	9	NA	NA	NA	NA
462	1963	6	NA	NA	NA	NA	NA	NA	NA	NA	 54.6	 14.0	20	NA	NA	NA	NA
462	1963	7	NA	NA	NA	NA	NA	NA	NA	NA	 65.6	 18.6	14	NA	NA	NA	NA
462	1963	8	NA	NA	NA	NA	NA	NA	NA	NA	 10.7	  3.5	26	NA	NA	NA	NA
462	1963	9	NA	NA	NA	NA	NA	NA	NA	NA	 43.7	  8.2	10	NA	NA	NA	NA
462	1963	10	NA	NA	NA	NA	NA	NA	NA	NA	 29.9	  7.0	24	NA	NA	NA	NA
462	1963	11	NA	NA	NA	NA	NA	NA	NA	NA	 21.1	  3.5	17	NA	NA	NA	NA
462	1963	12	NA	NA	NA	NA	NA	NA	NA	NA	  5.8	  2.0	23	NA	NA	NA	NA
462	1964	1	NA	NA	NA	NA	NA	NA	NA	NA	  9.6	  2.1	27	NA	NA	NA	NA
462	1964	2	NA	NA	NA	NA	NA	NA	NA	NA	  9.4	  4.7	26	NA	NA	NA	NA
462	1964	3	NA	NA	NA	NA	NA	NA	NA	NA	  2.0	  1.6	24	NA	NA	NA	NA
462	1964	4	NA	NA	NA	NA	NA	NA	NA	NA	 18.7	  5.0	29	NA	NA	NA	NA
462	1964	5	NA	NA	NA	NA	NA	NA	NA	NA	 36.9	 14.0	20	NA	NA	NA	NA
462	1964	6	NA	NA	NA	NA	NA	NA	NA	NA	 25.4	  5.0	25	NA	NA	NA	NA
462	1964	7	NA	NA	NA	NA	NA	NA	NA	NA	 59.4	  8.0	2	NA	NA	NA	NA
462	1964	8	NA	NA	NA	NA	NA	NA	NA	NA	 75.8	 24.4	22	NA	NA	NA	NA
462	1964	9	NA	NA	NA	NA	NA	NA	NA	NA	 33.8	  8.0	3	NA	NA	NA	NA
462	1964	10	NA	NA	NA	NA	NA	NA	NA	NA	 45.0	 18.7	11	NA	NA	NA	NA
462	1964	11	NA	NA	NA	NA	NA	NA	NA	NA	 21.9	  4.5	19	NA	NA	NA	NA
462	1964	12	NA	NA	NA	NA	NA	NA	NA	NA	 16.3	  3.5	18	NA	NA	NA	NA
462	1965	1	NA	NA	NA	NA	NA	NA	NA	NA	 33.7	 10.1	24	NA	NA	NA	NA
462	1965	2	NA	NA	NA	NA	NA	NA	NA	NA	  5.4	  2.2	9	NA	NA	NA	NA
462	1965	3	NA	NA	NA	NA	NA	NA	NA	NA	  3.3	  1.0	16	NA	NA	NA	NA
462	1965	4	NA	NA	NA	NA	NA	NA	NA	NA	 14.1	  5.0	15	NA	NA	NA	NA
462	1965	5	NA	NA	NA	NA	NA	NA	NA	NA	 13.0	  5.0	4	NA	NA	NA	NA
462	1965	6	NA	NA	NA	NA	NA	NA	NA	NA	 59.8	 20.8	24	NA	NA	NA	NA
462	1965	7	NA	NA	NA	NA	NA	NA	NA	NA	 27.0	  5.2	11	NA	NA	NA	NA
462	1965	8	NA	NA	NA	NA	NA	NA	NA	NA	 36.0	  9.7	5	NA	NA	NA	NA
462	1965	9	NA	NA	NA	NA	NA	NA	NA	NA	 27.6	  7.0	13	NA	NA	NA	NA
462	1965	10	NA	NA	NA	NA	NA	NA	NA	NA	 17.8	  4.0	16	NA	NA	NA	NA
462	1965	11	NA	NA	NA	NA	NA	NA	NA	NA	 15.0	  3.1	10	NA	NA	NA	NA
462	1965	12	NA	NA	NA	NA	NA	NA	NA	NA	 23.0	  7.2	15	NA	NA	NA	NA
462	1966	1	NA	NA	NA	NA	NA	NA	NA	NA	 14.2	  3.2	30	NA	NA	NA	NA
462	1966	2	NA	NA	NA	NA	NA	NA	NA	NA	 15.0	  5.1	3	NA	NA	NA	NA
462	1966	3	NA	NA	NA	NA	NA	NA	NA	NA	 42.9	 15.5	5	NA	NA	NA	NA
462	1966	4	NA	NA	NA	NA	NA	NA	NA	NA	 10.2	  5.8	28	NA	NA	NA	NA
462	1966	5	NA	NA	NA	NA	NA	NA	NA	NA	 24.7	  8.4	2	NA	NA	NA	NA
462	1966	6	NA	NA	NA	NA	NA	NA	NA	NA	 23.8	  6.0	2	NA	NA	NA	NA
462	1966	7	NA	NA	NA	NA	NA	NA	NA	NA	 59.4	 23.9	12	NA	NA	NA	NA
462	1966	8	NA	NA	NA	NA	NA	NA	NA	NA	 49.8	  9.5	4	NA	NA	NA	NA
462	1966	9	NA	NA	NA	NA	NA	NA	NA	NA	 25.3	  6.9	3	NA	NA	NA	NA
462	1966	10	NA	NA	NA	NA	NA	NA	NA	NA	 18.8	  4.0	17	NA	NA	NA	NA
462	1966	11	NA	NA	NA	NA	NA	NA	NA	NA	 22.1	  4.8	13	NA	NA	NA	NA
462	1966	12	NA	NA	NA	NA	NA	NA	NA	NA	 16.6	  2.4	28	NA	NA	NA	NA
462	1967	1	NA	NA	NA	NA	NA	NA	NA	NA	  5.9	  2.3	16	NA	NA	NA	NA
462	1967	2	NA	NA	NA	NA	NA	NA	NA	NA	 17.8	  4.1	25	NA	NA	NA	NA
462	1967	3	NA	NA	NA	NA	NA	NA	NA	NA	 43.3	  4.2	5	NA	NA	NA	NA
462	1967	4	NA	NA	NA	NA	NA	NA	NA	NA	 12.3	  2.1	4	NA	NA	NA	NA
462	1967	5	NA	NA	NA	NA	NA	NA	NA	NA	 31.6	  7.9	29	NA	NA	NA	NA
462	1967	6	NA	NA	NA	NA	NA	NA	NA	NA	 66.3	 15.0	6	NA	NA	NA	NA
462	1967	7	NA	NA	NA	NA	NA	NA	NA	NA	132.8	 37.5	27	NA	NA	NA	NA
462	1967	8	NA	NA	NA	NA	NA	NA	NA	NA	 39.9	 17.9	30	NA	NA	NA	NA
462	1967	9	NA	NA	NA	NA	NA	NA	NA	NA	 31.7	 14.4	15	NA	NA	NA	NA
462	1967	10	NA	NA	NA	NA	NA	NA	NA	NA	 63.1	 17.0	29	NA	NA	NA	NA
462	1967	11	NA	NA	NA	NA	NA	NA	NA	NA	 14.6	  4.1	21	NA	NA	NA	NA
462	1967	12	NA	NA	NA	NA	NA	NA	NA	NA	 44.3	 13.0	2	NA	NA	NA	NA
462	1968	1	NA	NA	NA	NA	NA	NA	NA	NA	 30.2	  7.0	26	NA	NA	NA	NA
462	1968	2	NA	NA	NA	NA	NA	NA	NA	NA	  7.3	  2.0	5	NA	NA	NA	NA
462	1968	3	NA	NA	NA	NA	NA	NA	NA	NA	 11.7	  2.1	24	NA	NA	NA	NA
462	1968	4	NA	NA	NA	NA	NA	NA	NA	NA	 25.4	  7.3	27	NA	NA	NA	NA
462	1968	5	NA	NA	NA	NA	NA	NA	NA	NA	 15.7	  5.1	12	NA	NA	NA	NA
462	1968	6	NA	NA	NA	NA	NA	NA	NA	NA	 62.8	 18.3	5	NA	NA	NA	NA
462	1968	7	NA	NA	NA	NA	NA	NA	NA	NA	 30.8	 13.4	23	NA	NA	NA	NA
462	1968	8	NA	NA	NA	NA	NA	NA	NA	NA	 57.4	 15.5	30	NA	NA	NA	NA
462	1968	9	NA	NA	NA	NA	NA	NA	NA	NA	 24.7	 17.8	10	NA	NA	NA	NA
462	1968	10	NA	NA	NA	NA	NA	NA	NA	NA	 48.3	  8.4	27	NA	NA	NA	NA
462	1968	11	NA	NA	NA	NA	NA	NA	NA	NA	 32.8	 10.0	23	NA	NA	NA	NA
462	1968	12	NA	NA	NA	NA	NA	NA	NA	NA	 13.5	  6.1	8	NA	NA	NA	NA
462	1969	2	NA	NA	NA	NA	NA	NA	NA	NA	 30.6	  9.0	11	NA	NA	NA	NA
462	1969	3	NA	NA	NA	NA	NA	NA	NA	NA	 14.0	  5.8	22	NA	NA	NA	NA
462	1969	4	NA	NA	NA	NA	NA	NA	NA	NA	 20.6	  7.9	3	NA	NA	NA	NA
462	1969	5	NA	NA	NA	NA	NA	NA	NA	NA	  4.2	  3.5	6	NA	NA	NA	NA
462	1969	6	NA	NA	NA	NA	NA	NA	NA	NA	 42.5	  7.6	26	NA	NA	NA	NA
462	1969	7	NA	NA	NA	NA	NA	NA	NA	NA	 73.5	 20.0	2	NA	NA	NA	NA
462	1969	8	 10.3	 14.2	 18.5	14	  6.9	  1.0	22	NA	 32.2	  5.2	12	NA	6.0	NA	 3.7
462	1969	9	  4.3	  7.8	 14.9	3	  1.3	 -6.1	30	NA	 13.7	  4.0	5	NA	4.8	NA	 3.0
462	1969	10	  1.0	  3.4	  9.0	12	 -1.5	-10.5	1	NA	 53.8	  7.6	15	NA	5.5	NA	 3.3
462	1969	11	 -5.3	 -1.5	  8.8	25	 -8.9	-16.5	22	NA	 32.7	  4.3	7	NA	4.7	NA	 3.9
462	1969	12	 -3.7	  0.3	  7.5	8	 -8.1	-20.1	3	NA	 16.5	  8.5	9	NA	5.7	NA	 2.6
462	1970	1	 -3.7	 -0.4	  9.5	21	 -7.0	-24.6	8	NA	 36.6	 20.1	10	NA	5.5	NA	 2.4
462	1970	2	 -6.8	 -3.5	  7.5	28	-10.4	-18.0	15	NA	 24.8	  6.2	13	NA	5.8	NA	 3.2
462	1970	3	 -6.8	 -3.6	  6.1	14	-10.5	-17.4	3	NA	 35.2	  9.2	17	NA	6.5	NA	 3.8
462	1970	4	 -2.1	  1.5	  7.1	29	 -6.3	-13.0	21	NA	 13.2	  4.9	15	NA	5.6	NA	 2.6
462	1970	5	  3.2	  7.0	 13.5	11	  0.3	 -3.4	1	NA	 27.6	 11.8	2	NA	6.1	NA	 3.4
462	1970	6	  9.5	 13.5	 21.0	22	  4.8	  0.2	5	NA	  0.6	  0.3	4	NA	5.2	NA	 5.2
462	1970	7	  5.7	  9.3	 18.0	26	  2.9	  0.2	10	NA	 98.3	 29.3	10	NA	6.4	NA	 3.7
462	1970	8	  8.0	 12.2	 19.0	21	  4.6	  0.1	12	NA	 77.2	 21.0	14	NA	5.6	NA	 3.0
462	1970	9	  4.3	  7.5	 13.5	26	  1.4	 -3.9	15	NA	 37.4	 19.5	2	NA	5.6	NA	 2.9
462	1970	10	  0.0	  2.8	 11.4	16	 -3.0	-17.4	27	NA	 45.9	 25.7	9	NA	6.1	NA	 4.0
462	1970	11	 -3.7	 -1.0	  7.1	8	 -7.7	-16.1	2	NA	 28.9	  8.2	8	NA	6.2	NA	 3.9
462	1970	12	 -1.8	  2.1	  9.3	10	 -5.4	-16.3	20	NA	 46.3	 17.0	6	NA	5.0	NA	 4.7
462	1971	1	 -8.5	 -4.8	  6.7	12	-12.8	-27.0	30	NA	 34.4	 10.3	28	NA	6.0	NA	 3.1
462	1971	2	 -2.9	  0.9	  8.6	25	 -6.3	-19.2	19	NA	 23.5	  4.2	15	NA	6.0	NA	 4.2
462	1971	3	 -2.4	  0.4	  8.2	6	 -5.4	-14.5	19	NA	 29.4	  9.7	22	NA	6.7	NA	 3.8
462	1971	4	 -0.3	  2.6	  8.6	12	 -3.7	-13.2	7	NA	 18.9	  4.6	20	NA	6.3	NA	 4.1
462	1971	5	  4.5	  8.2	 12.0	7	  1.6	 -2.1	28	NA	 33.4	 10.2	22	NA	6.1	NA	 3.0
462	1971	6	  6.4	 10.4	 18.8	4	  2.9	 -0.3	15	NA	 26.4	  9.7	28	NA	4.9	NA	 3.5
462	1971	7	  9.3	 13.8	 19.1	13	  5.6	  2.1	23	NA	 41.2	 12.9	15	NA	5.2	NA	 3.0
462	1971	8	  7.7	 11.8	 22.2	15	  4.2	 -0.8	29	NA	 51.9	 18.0	26	NA	5.1	NA	 4.2
462	1971	9	  5.2	  8.0	 15.5	5	  2.0	 -9.6	23	NA	 49.2	 10.9	29	NA	6.4	NA	 3.3
462	1971	10	  1.4	  3.8	 13.5	27	 -1.4	 -9.6	11	NA	 18.5	  5.3	20	NA	5.3	NA	 2.7
462	1971	11	 -3.0	  0.6	 11.0	24	 -6.9	-15.2	18	NA	 33.0	  5.8	12	NA	6.1	NA	 3.6
462	1971	12	 -3.8	 -0.2	  6.4	8	 -7.7	-17.3	24	NA	 58.9	 10.3	12	NA	5.0	NA	 4.1
462	1972	1	  0.0	  2.8	  8.0	29	 -3.0	-13.5	27	NA	 12.5	  2.3	19	NA	5.2	NA	 4.8
462	1972	2	 -1.4	  1.1	  7.2	20	 -5.0	-22.5	15	NA	  8.8	  2.0	5	NA	5.6	NA	 4.1
462	1972	3	 -0.4	  2.5	  9.1	17	 -3.7	 -9.6	22	NA	 19.4	  4.4	5	NA	5.4	NA	NA
462	1972	4	  0.0	  3.0	 12.2	21	 -3.1	-17.0	9	NA	 25.2	  7.6	14	NA	5.8	NA	 3.4
462	1972	5	  5.5	  9.2	 15.2	21	  2.3	 -6.5	1	NA	 30.7	 23.3	26	NA	6.0	NA	 3.9
462	1972	6	  6.4	 10.3	 18.0	14	NA	NA	NA	NA	 94.2	 17.3	25	NA	6.8	NA	 3.7
462	1972	7	  9.5	 13.6	 21.5	27	  6.4	  3.1	4	NA	 60.3	 15.3	2	NA	6.5	NA	 3.9
462	1972	8	  8.0	 11.9	 17.2	28	  4.1	 -1.5	10	NA	 55.0	  8.3	5	NA	5.9	NA	 4.4
462	1972	9	  6.4	 10.3	 16.0	1	  2.3	 -4.2	11	NA	 32.9	 19.9	30	NA	5.6	NA	 3.8
462	1972	10	  2.1	  4.8	 11.5	12	 -1.3	 -8.0	11	NA	 35.9	  9.3	9	NA	5.2	NA	 5.1
462	1972	11	 -2.7	 -0.6	  7.7	26	 -5.1	-15.6	22	NA	 39.5	  5.6	9	NA	6.4	NA	 5.6
462	1972	12	 -1.8	  1.0	  9.6	25	 -4.5	-14.7	11	NA	 49.8	  6.9	1	NA	6.4	NA	 6.3
462	1973	1	  0.1	  3.1	 10.0	10	 -3.0	-11.0	26	NA	 11.4	  3.7	24	NA	5.3	NA	 4.5
462	1973	2	 -7.4	 -3.9	  6.2	3	-10.8	-21.2	25	NA	 52.0	 10.8	6	NA	5.8	NA	 4.7
462	1973	3	  0.0	  2.9	  8.3	21	 -3.2	-12.3	31	NA	  2.6	  1.4	29	NA	5.5	NA	 5.9
462	1973	4	 -0.1	  3.1	 11.4	22	 -3.4	-19.1	2	NA	 13.2	  4.1	5	NA	5.9	NA	 4.7
462	1973	5	  2.2	  5.4	 12.0	16	 -1.2	 -6.2	2	NA	 12.1	  6.6	10	NA	5.3	NA	 5.1
462	1973	6	  5.3	  9.0	 16.0	16	  2.6	 -4.5	11	NA	 53.7	 12.4	18	NA	6.5	NA	 5.3
462	1973	7	  9.7	 14.4	 20.6	26	  5.1	 -0.4	18	NA	 26.0	  9.7	5	NA	4.7	NA	 4.5
462	1973	8	  8.5	 12.5	 19.4	22	  4.9	 -0.7	20	NA	115.4	 58.8	6	NA	5.8	NA	 4.8
462	1973	9	  7.0	 10.7	 20.0	12	  3.7	 -2.0	9	NA	 54.5	 16.5	2	NA	5.8	NA	 4.4
462	1973	10	  1.3	  4.3	 14.9	2	 -2.4	-10.9	19	NA	 42.3	 18.1	8	NA	5.2	NA	 4.6
462	1973	11	 -7.2	 -4.1	  7.2	7	-11.2	-22.2	17	NA	 36.4	  8.7	12	NA	5.2	NA	 3.6
462	1973	12	 -8.2	 -4.1	 10.0	2	-12.2	-20.6	22	NA	 36.5	  4.8	15	NA	6.4	NA	 4.7
462	1974	1	 -1.7	  1.3	  7.9	20	 -5.1	-13.2	17	NA	 29.2	  7.5	20	NA	6.0	NA	 4.2
462	1974	2	 -3.2	 -0.7	  7.3	26	 -6.6	-17.0	16	NA	 31.3	  5.3	11	NA	6.1	NA	 5.2
462	1974	3	  1.8	  4.2	  9.0	31	 -1.1	 -9.4	2	NA	  3.3	  1.4	17	NA	4.9	NA	 4.3
462	1974	4	  4.7	  7.6	 11.6	29	  1.5	 -7.2	8	NA	 27.5	 15.3	9	NA	5.4	NA	 4.9
462	1974	5	  5.3	  9.2	 14.0	31	  1.9	 -4.9	27	NA	 22.1	  5.4	16	NA	5.8	NA	 3.8
462	1974	6	  8.2	 11.9	 24.3	23	  4.4	  0.6	8	NA	 73.8	 14.5	19	NA	6.3	NA	 4.3
462	1974	7	  8.4	 13.2	 20.5	24	  4.9	  2.0	5	NA	 68.6	 21.4	11	NA	5.8	NA	 4.1
462	1974	8	  7.1	 10.6	 18.2	7	  4.2	 -1.7	27	NA	105.6	 36.2	25	NA	6.7	NA	 2.9
462	1974	9	  3.0	  5.4	 15.1	2	  0.4	 -8.0	30	NA	110.5	 20.3	21	NA	6.8	NA	 4.3
462	1974	10	  1.3	  5.0	 11.4	23	 -2.1	-11.6	28	NA	 38.6	  5.9	20	NA	4.5	NA	 3.5
462	1974	11	 -1.0	  1.3	 10.3	5	 -3.3	-11.4	17	NA	 40.9	  7.8	3	NA	5.9	NA	 3.0
462	1974	12	 -6.9	 -3.8	  5.7	6	-10.6	-22.8	22	NA	 30.3	  5.8	6	NA	5.7	NA	 5.4
462	1975	1	 -8.7	 -5.5	  5.4	1	-12.7	-22.4	10	NA	 33.9	 14.8	5	NA	5.7	NA	 4.5
462	1975	2	 -0.2	  2.8	  8.6	28	 -2.6	-11.3	14	NA	  9.7	  2.9	22	NA	5.3	NA	 5.5
462	1975	3	 -3.6	 -0.1	  7.1	1	 -7.0	-16.6	28	NA	 28.7	  7.6	7	NA	5.7	NA	 5.7
462	1975	4	 -1.5	  1.9	 10.1	4	 -5.1	-19.9	12	NA	 16.6	  4.7	27	NA	5.7	NA	 3.7
462	1975	5	  4.3	  8.4	 17.4	23	  0.2	 -8.4	12	NA	  4.8	  2.1	1	NA	4.8	NA	 5.2
462	1975	6	  4.9	  8.8	 17.0	9	  1.9	 -5.2	2	NA	 24.3	  6.0	7	NA	6.6	NA	 5.6
462	1975	7	 10.2	 15.1	 21.4	5	  6.3	  2.2	2	NA	 46.0	 15.9	22	NA	5.3	NA	 3.5
462	1975	8	 10.4	 15.6	 22.6	12	  6.6	 -0.4	21	NA	 33.7	  6.4	7	NA	5.6	NA	 4.4
462	1975	9	  2.2	  5.4	 15.1	3	 -1.3	-12.9	30	NA	 45.4	 21.3	23	NA	6.2	NA	 4.1
462	1975	10	  2.1	  5.2	 12.7	11	 -0.6	 -9.7	31	NA	 51.1	 16.8	13	NA	6.3	NA	 3.2
462	1975	11	 -0.5	  2.7	 11.5	8	 -4.1	-13.0	27	NA	 14.1	  2.3	21	NA	6.2	NA	 4.3
462	1975	12	 -3.9	  0.8	  8.9	13	 -8.3	-16.9	29	NA	 44.5	  8.6	27	NA	5.3	NA	 5.8
462	1976	1	 -6.9	 -3.2	  5.4	17	-11.0	-24.0	12	NA	 37.3	 11.4	7	NA	5.6	NA	 2.7
462	1976	2	 -2.2	  1.5	  8.3	20	 -5.4	-11.8	29	NA	 14.5	  6.2	8	NA	4.8	NA	 5.4
462	1976	3	 -0.8	  2.3	 10.2	3	 -4.1	-15.8	1	NA	 19.5	  3.5	4	NA	4.8	NA	 4.3
462	1976	4	  0.2	  4.0	 11.8	23	 -3.9	-14.0	11	NA	 22.9	  7.3	10	NA	5.9	NA	 4.2
462	1976	5	  4.1	  8.0	 17.7	27	  0.2	-10.1	4	NA	 31.1	 14.0	16	NA	5.7	NA	 3.8
462	1976	6	  8.5	 13.0	 16.0	9	  5.1	 -0.5	1	NA	 33.0	  8.8	8	NA	5.6	NA	 3.8
462	1976	7	 11.6	 16.1	 24.0	23	  7.6	  2.3	30	NA	 31.3	 13.2	17	NA	6.1	NA	 3.3
462	1976	8	 10.6	 14.9	 20.3	3	  6.7	  0.7	30	NA	 35.0	 16.3	15	NA	5.7	NA	 5.7
462	1976	9	  7.0	 12.5	 19.7	14	  2.4	 -4.5	8	NA	  8.3	  4.3	13	NA	4.1	NA	 3.4
462	1976	10	  2.6	  5.4	 11.2	1	 -0.2	 -6.3	16	NA	 68.1	 12.8	23	NA	6.0	NA	 3.6
462	1976	11	 -0.1	  2.5	 10.3	19	 -2.6	 -9.8	30	NA	 26.2	  6.2	3	NA	6.3	NA	 4.6
462	1976	12	 -6.0	 -2.9	  7.7	16	 -8.9	-21.4	31	NA	 18.9	  4.6	2	NA	4.8	NA	 3.0
462	1977	1	 -4.9	 -2.4	  9.1	3	 -7.7	-21.5	1	NA	 29.1	  3.5	23	NA	6.8	NA	 4.8
462	1977	2	 -5.9	 -2.9	  3.4	18	 -9.0	-13.6	13	NA	  3.5	  1.3	3	NA	4.9	NA	 1.6
462	1977	3	 -1.6	  1.0	  6.5	21	 -4.9	-15.1	27	NA	 42.9	 17.1	4	NA	6.0	NA	 3.4
462	1977	4	 -3.4	 -0.0	  8.2	9	 -6.8	-17.6	17	NA	 44.7	  8.8	20	NA	5.4	NA	 3.8
462	1977	5	  3.9	  7.1	 17.0	26	  0.2	 -9.3	11	NA	  0.4	  0.2	6	NA	5.5	NA	 5.2
462	1977	6	  7.3	 11.2	 18.7	17	  4.1	 -3.4	6	NA	 15.3	  5.1	25	NA	6.0	NA	 4.9
462	1977	7	 10.6	 15.4	 20.0	10	  6.8	  1.9	6	NA	 44.3	 10.5	4	NA	5.9	NA	 3.7
462	1977	8	  8.7	 13.1	 21.8	14	  4.7	 -1.4	31	NA	 41.0	 14.0	2	NA	6.0	NA	 3.0
462	1977	9	  5.3	  9.2	 16.4	21	  1.6	 -5.0	10	NA	 42.4	  8.1	4	NA	5.7	NA	 3.7
462	1977	10	  1.1	  3.5	  7.6	19	 -1.3	 -7.0	8	NA	 61.6	 10.7	17	NA	6.9	NA	 3.0
462	1977	11	 -4.0	 -1.1	  8.6	26	 -7.2	-14.0	24	NA	 33.5	  9.8	23	NA	6.4	NA	NA
462	1977	12	 -2.5	  0.8	  9.9	4	 -5.4	-22.2	19	NA	 31.2	 14.7	21	NA	5.5	NA	 3.4
462	1978	1	 -6.5	 -2.7	  8.5	13	-10.7	-21.2	27	NA	 42.0	 10.8	23	NA	5.8	NA	 3.2
462	1978	2	 -6.6	 -3.9	  3.2	6	 -9.1	-20.2	15	NA	 23.1	  3.8	25	NA	6.7	NA	 2.9
462	1978	3	 -3.0	 -0.2	  6.7	18	 -6.5	-17.7	5	NA	 30.0	  5.9	14	NA	6.3	NA	 4.0
462	1978	4	  0.3	  3.5	  9.4	15	 -3.0	-12.3	12	NA	  5.3	  2.5	29	NA	4.9	NA	 3.4
462	1978	5	  4.3	  8.5	 14.0	7	  0.7	 -8.5	4	NA	 23.2	 14.5	23	NA	5.3	NA	 4.3
462	1978	6	  6.7	 10.2	 17.5	15	  3.2	 -1.1	23	NA	 48.5	 16.3	8	NA	6.0	NA	 4.3
462	1978	7	  9.2	 13.2	 19.2	10	  5.8	  2.4	4	NA	 93.1	 25.6	1	NA	6.1	NA	 2.9
462	1978	8	 10.9	 15.4	 22.3	3	  7.0	  1.8	25	NA	 24.9	  8.2	30	NA	6.1	NA	 3.4
462	1978	9	  4.7	  8.2	 15.4	4	  1.7	 -2.5	30	NA	 49.3	 11.1	10	NA	6.5	NA	 3.0
462	1978	10	  1.8	  4.8	 11.3	26	 -1.8	 -8.9	20	NA	 29.9	  9.8	4	NA	5.1	NA	 4.6
462	1978	11	 -2.8	  0.4	 10.0	28	 -6.4	-18.0	27	NA	 43.6	 10.1	6	NA	5.6	NA	 3.8
462	1978	12	 -1.9	  0.0	  6.8	7	 -4.3	-16.8	21	NA	 12.7	  4.0	31	NA	6.4	NA	 2.4
462	1979	1	 -8.5	 -5.0	  5.3	17	-11.8	-23.5	12	NA	 14.8	  3.1	15	NA	5.1	NA	 4.3
462	1979	2	 -4.1	 -0.3	  7.7	24	 -7.9	-22.0	7	NA	  9.6	  6.3	21	NA	5.0	NA	 3.1
462	1979	3	 -9.5	 -5.9	  1.8	18	-13.6	-21.4	7	NA	 11.8	  2.3	20	NA	4.6	NA	 3.3
462	1979	4	 -2.1	  0.6	  9.1	18	 -4.8	-13.6	1	NA	 49.2	 11.2	2	NA	6.7	NA	 3.8
462	1979	5	 -3.5	 -0.9	  9.5	31	 -6.2	-15.4	19	NA	 18.4	  5.1	23	NA	5.8	NA	 4.0
462	1979	6	  6.9	 11.1	 17.0	27	  3.8	 -0.2	14	NA	 52.9	 19.0	28	NA	6.4	NA	 3.6
462	1979	7	  7.2	 12.0	 18.6	26	  4.1	  1.5	24	NA	 22.3	  5.0	17	NA	6.3	NA	 3.0
462	1979	8	  7.0	 10.9	 16.2	13	  3.8	 -0.4	10	NA	 44.3	  8.7	22	NA	6.6	NA	 3.7
462	1979	9	  1.4	  3.9	 11.3	9	 -1.2	 -7.9	21	NA	 80.0	 20.6	6	NA	6.9	NA	 3.4
462	1979	10	  1.8	  4.6	 12.6	1	 -1.1	-11.0	20	NA	 22.1	  3.2	31	NA	6.1	NA	 4.1
462	1979	11	 -3.3	 -1.2	  6.4	20	 -6.2	-18.6	9	NA	 28.4	  6.2	5	NA	6.3	NA	 3.5
462	1979	12	 -3.9	 -0.8	  8.4	20	 -7.2	-17.0	7	NA	 14.3	  3.8	29	NA	5.8	NA	 3.9
462	1980	1	 -4.5	 -1.5	  7.1	12	 -8.3	-18.3	1	NA	 20.3	  4.5	11	NA	5.4	NA	 5.3
462	1980	2	 -2.8	 -0.0	  9.7	23	 -6.4	-22.1	3	NA	 28.2	  6.9	26	NA	5.7	NA	 4.8
462	1980	3	 -2.2	  0.7	  7.2	15	 -5.6	-16.3	2	NA	 23.7	  4.3	28	NA	5.6	NA	 4.8
462	1980	4	  1.4	  4.4	  9.6	29	 -2.3	-10.4	3	NA	 33.9	 12.0	4	NA	5.3	NA	 5.8
462	1980	5	  5.5	  9.6	 18.7	22	  1.3	 -8.1	7	NA	 25.0	 15.5	31	NA	5.3	NA	 4.9
462	1980	6	  8.0	 12.9	 21.0	11	  4.0	 -0.5	1	NA	 52.0	  9.5	23	NA	5.2	NA	 3.2
462	1980	7	  9.7	 14.9	 24.5	31	  6.3	  2.3	21	NA	 34.9	 12.2	14	NA	6.4	NA	 2.9
462	1980	8	  8.9	 12.9	 20.5	1	  5.7	  0.0	28	NA	 51.1	 15.5	3	NA	6.1	NA	 2.5
462	1980	9	  5.1	  8.3	 14.5	1	  2.1	 -4.6	19	NA	 56.3	 18.1	17	NA	6.1	NA	 3.6
462	1980	10	 -2.5	 -0.3	 10.1	31	 -5.4	-13.2	21	NA	 25.2	  6.2	28	NA	6.7	NA	 3.6
462	1980	11	 -2.2	  0.7	 10.0	30	 -6.2	-16.8	24	NA	 14.4	  3.7	16	NA	5.1	NA	 5.2
462	1980	12	 -6.8	 -3.7	  8.8	4	-10.5	-21.5	19	NA	 48.2	 14.9	22	NA	6.3	NA	 4.1
462	1981	1	 -6.0	 -1.9	  8.6	26	-10.1	-22.4	25	NA	 33.4	  8.3	31	NA	5.9	NA	 5.4
462	1981	2	 -5.4	 -0.7	  6.4	27	 -9.6	-19.5	4	NA	 21.0	  5.3	26	NA	4.4	NA	 4.3
462	1981	3	 -5.2	 -2.9	  6.8	31	 -8.0	-15.8	20	NA	 58.2	  9.2	11	NA	6.8	NA	 4.7
462	1981	4	  1.5	  4.9	 13.4	18	 -2.3	-11.5	30	NA	 14.0	 12.0	29	NA	4.4	NA	 4.3
462	1981	5	  3.1	  6.4	 14.8	14	 -0.4	-12.0	1	NA	 28.2	 11.2	7	NA	6.4	NA	 3.5
462	1981	6	  5.8	  9.7	 17.0	26	  2.5	 -2.9	1	NA	 21.2	  5.3	28	NA	6.2	NA	 2.9
462	1981	7	  8.2	 12.4	 23.7	24	  4.7	 -0.2	22	NA	 43.0	  8.1	15	NA	6.5	NA	 3.3
462	1981	8	 10.0	 14.3	 20.0	26	  5.8	 -1.3	20	NA	 78.2	 16.4	21	NA	6.1	NA	 3.8
462	1981	9	  4.2	  6.9	 17.0	1	  1.5	 -5.3	30	NA	113.1	 23.6	19	NA	7.1	NA	 3.7
462	1981	10	 -2.2	 -0.7	  8.7	22	 -4.7	-12.4	16	NA	 30.2	  6.1	29	NA	6.8	NA	 4.0
462	1981	11	 -3.7	 -0.9	 11.1	7	 -7.9	-22.0	19	NA	 30.6	  4.9	29	NA	5.8	NA	 4.0
462	1981	12	 -5.9	 -2.8	 10.2	2	 -8.8	-21.2	22	NA	 36.6	  6.4	19	NA	6.9	NA	 4.2
462	1982	1	 -5.5	 -3.0	  5.4	12	 -8.8	-17.5	7	NA	 31.6	  6.5	21	NA	6.2	NA	 3.5
462	1982	2	 -0.8	  1.2	  7.4	17	 -3.7	-10.7	11	NA	 46.7	 23.5	24	NA	6.0	NA	 4.7
462	1982	3	 -3.0	 -0.1	  8.2	30	 -7.0	-18.2	2	NA	 24.3	  8.7	15	NA	4.6	NA	 5.6
462	1982	4	  0.3	  3.3	  9.2	18	 -3.1	-13.3	7	NA	 10.7	  3.6	30	NA	5.8	NA	 5.3
462	1982	5	  0.9	  3.9	 12.0	13	 -1.7	-13.6	5	NA	 66.9	 15.9	15	NA	6.8	NA	 3.2
462	1982	6	  8.3	 13.3	 19.5	6	  3.9	 -2.3	13	NA	  4.2	  3.1	1	NA	4.6	NA	 2.9
462	1982	7	 10.1	 14.1	 19.2	20	  6.7	  2.2	25	NA	 48.1	  8.9	14	NA	6.1	NA	 4.2
462	1982	8	  7.1	 11.2	 20.5	6	  4.0	 -2.6	28	NA	 69.0	 15.1	16	NA	6.1	NA	 3.3
462	1982	9	  2.7	  6.1	 10.8	14	 -0.8	 -7.0	22	NA	 33.8	  8.3	27	NA	6.4	NA	 2.6
462	1982	10	  1.7	  4.4	 10.7	7	 -1.3	-10.4	26	NA	 65.8	 12.2	25	NA	6.4	NA	 2.6
462	1982	11	 -4.2	 -1.4	  8.1	5	 -7.4	-16.1	27	NA	 11.8	  2.5	10	NA	5.9	NA	 3.7
462	1982	12	 -5.2	 -2.0	  9.2	29	 -9.1	-21.3	18	NA	 26.6	 11.6	25	NA	6.0	NA	 4.3
462	1983	1	 -5.7	 -2.6	  8.4	22	 -8.8	-17.7	17	NA	 30.9	  8.6	21	NA	5.2	NA	 5.4
462	1983	2	 -1.1	  2.1	  8.6	11	 -5.4	-19.7	2	NA	 12.8	  3.8	5	NA	4.7	NA	 6.2
462	1983	3	 -3.8	 -0.5	  9.1	1	 -7.5	-17.4	10	NA	 48.4	 12.9	8	NA	6.2	NA	 4.3
462	1983	4	 -4.9	 -2.2	  6.1	12	 -8.2	-18.2	9	NA	 34.3	  5.1	19	NA	6.1	NA	 3.8
462	1983	5	  1.1	  3.6	 11.5	27	 -0.9	 -5.1	2	NA	 18.5	  5.2	11	NA	6.7	NA	 3.3
462	1983	6	  6.5	 10.3	 18.1	30	  3.6	 -2.9	1	NA	 34.4	  6.3	10	NA	6.4	NA	 4.0
462	1983	7	  9.0	 13.4	 19.1	25	  5.5	  0.2	15	NA	 43.1	 14.7	4	NA	6.0	NA	 4.4
462	1983	8	  8.8	 12.6	 18.5	24	  5.1	 -0.5	23	NA	 57.4	 22.6	15	NA	5.7	NA	 4.6
462	1983	9	  3.0	  6.6	 15.5	13	 -0.6	 -8.1	28	NA	 52.5	 10.1	1	NA	5.5	NA	 3.1
462	1983	10	 -0.7	  1.6	  6.1	21	 -3.9	-12.3	28	NA	117.7	 29.9	30	NA	6.6	NA	 4.9
462	1983	11	 -1.5	  1.1	 10.3	15	 -4.8	-15.2	29	NA	 28.7	  5.9	7	NA	5.8	NA	 5.3
462	1983	12	 -4.2	 -1.2	  7.2	1	 -7.2	-20.0	23	NA	 40.6	 10.7	11	NA	6.1	NA	 4.2
462	1984	1	 -7.7	 -3.9	  4.7	9	-11.4	-23.7	16	NA	 23.4	  4.7	29	NA	5.5	NA	 3.8
462	1984	2	 -2.6	  0.8	  7.8	24	 -6.3	-15.8	6	NA	 37.2	 10.2	20	NA	5.8	NA	 6.2
462	1984	3	 -1.4	  1.5	  8.8	10	 -4.8	-18.0	1	NA	 14.4	  4.6	23	NA	5.0	NA	 4.3
462	1984	4	  1.6	  4.2	 13.0	25	 -1.3	-10.1	17	NA	 23.6	  7.6	14	NA	5.1	NA	 5.6
462	1984	5	  4.0	  7.7	 17.6	27	  1.2	 -5.6	6	NA	 31.0	 10.6	16	NA	6.1	NA	 4.7
462	1984	6	  9.2	 13.8	 20.9	5	  5.2	  0.7	22	NA	 24.0	  8.9	26	NA	5.5	NA	 3.1
462	1984	7	 12.0	 16.3	 21.5	17	  8.6	  4.4	30	NA	 16.5	  5.3	16	NA	6.5	NA	 2.7
462	1984	8	 10.7	 15.3	 20.4	24	  6.6	  1.3	31	NA	 22.5	 11.2	28	NA	5.4	NA	 4.6
462	1984	9	  5.0	  9.1	 18.5	5	  1.2	 -2.8	12	NA	 40.8	 10.7	21	NA	5.8	NA	 3.0
462	1984	10	 -0.5	  1.9	  8.9	15	 -3.3	-10.0	19	NA	 41.6	 10.1	8	NA	6.3	NA	 1.9
462	1984	11	 -2.8	  0.1	  6.7	27	 -6.3	-14.9	6	NA	 26.4	  9.7	15	NA	6.4	NA	 2.5
462	1984	12	 -2.4	  1.2	  7.6	11	 -6.2	-17.8	2	NA	 19.8	  8.5	17	NA	5.1	NA	 4.0
462	1985	1	 -5.6	 -2.2	  8.3	12	 -9.2	-18.5	24	NA	 20.7	  7.7	31	NA	4.3	NA	 2.6
462	1985	2	 -4.1	 -1.2	  9.7	28	 -8.5	-22.4	1	NA	  5.8	  1.9	1	NA	4.9	NA	 2.9
462	1985	3	 -4.0	 -1.0	  6.7	1	 -7.1	-17.7	27	NA	 18.0	  2.6	16	NA	5.5	NA	 3.7
462	1985	4	 -0.4	  2.4	  8.3	23	 -4.0	-14.1	2	NA	 15.7	  4.1	17	NA	6.2	NA	 2.9
462	1985	5	  4.4	  8.2	 18.5	19	  1.3	 -4.0	24	NA	 13.9	  4.0	28	NA	5.2	NA	 3.9
462	1985	6	  7.7	 11.3	 17.5	17	  3.9	 -1.7	5	NA	 31.0	  8.5	2	NA	6.0	NA	 2.5
462	1985	7	  7.9	 12.2	 19.1	30	  4.8	  0.6	13	NA	 84.1	 12.3	18	NA	6.5	NA	 3.5
462	1985	8	  6.1	  9.2	 18.8	15	  4.0	 -0.9	30	NA	110.8	 25.1	21	NA	7.0	NA	 3.1
462	1985	9	  3.2	  6.5	 13.3	11	  0.2	 -4.9	7	NA	 20.1	  3.7	14	NA	6.4	NA	 2.2
462	1985	10	  3.9	  6.5	 13.6	22	  0.8	 -7.0	10	NA	 58.4	 19.5	24	NA	5.7	NA	 5.1
462	1985	11	 -4.3	 -1.2	  7.1	21	 -6.8	-19.0	6	NA	 11.1	  2.8	18	NA	5.2	NA	 3.4
462	1985	12	 -6.7	 -4.0	  2.4	10	-10.2	-19.7	26	NA	 40.3	  6.5	16	NA	6.2	NA	 3.2
462	1986	1	 -3.6	 -0.7	  5.3	17	 -7.0	-11.9	3	NA	 24.8	  5.1	11	NA	5.9	NA	 5.2
462	1986	2	 -4.1	  0.1	  7.1	2	 -7.1	-19.0	21	NA	  0.2	  0.2	20	NA	4.2	NA	 2.8
462	1986	3	 -2.2	  0.0	  8.0	10	 -5.3	-15.8	29	NA	 43.6	  6.7	16	NA	6.2	NA	 4.7
462	1986	4	 -0.2	  2.9	  7.8	29	 -3.0	-14.3	16	NA	 26.7	  8.7	1	NA	6.2	NA	 3.1
462	1986	5	  0.6	  4.1	 10.6	30	 -1.5	 -7.5	4	NA	 65.8	 37.3	22	NA	6.9	NA	 3.7
462	1986	6	  8.7	 12.3	 20.0	30	  5.5	 -0.4	3	NA	 33.6	 12.7	17	NA	5.5	NA	 3.6
462	1986	7	  8.4	 12.8	 20.5	22	  4.8	  0.1	30	NA	 36.2	  7.2	4	NA	5.9	NA	 2.9
462	1986	8	  8.1	 12.7	 17.7	8	  4.6	  0.0	2	NA	  9.8	  5.1	12	NA	6.1	NA	 2.8
462	1986	9	  4.2	  8.5	 14.8	8	  0.7	 -3.6	14	NA	 25.4	 10.9	28	NA	5.6	NA	 3.3
462	1986	10	 -0.8	  2.8	 11.0	8	 -3.8	-10.6	22	NA	 34.2	  9.2	28	NA	4.9	NA	 3.0
462	1986	11	 -3.2	 -0.8	  5.8	4	 -6.4	-14.0	21	NA	 52.8	  7.8	25	NA	6.4	NA	 4.1
462	1986	12	 -4.4	 -1.6	  7.2	23	 -7.9	-20.1	2	NA	 19.2	  3.5	4	NA	5.5	NA	 4.3
462	1987	1	 -0.0	  2.4	  7.9	24	 -3.4	-11.9	1	NA	  3.7	  1.5	5	NA	5.0	NA	 4.2
462	1987	2	 -3.6	 -0.6	  7.2	28	 -6.6	-21.7	15	NA	 24.2	  9.7	21	NA	6.0	NA	 2.7
462	1987	3	 -2.9	 -0.5	  7.5	12	 -6.1	-19.4	20	NA	 28.0	 11.0	22	NA	6.1	NA	 4.1
462	1987	4	  1.1	  3.8	 11.9	23	 -2.1	-10.5	1	NA	  8.8	  1.7	2	NA	5.1	NA	 4.2
462	1987	5	  6.0	 10.1	 22.3	25	  1.7	 -5.6	1	NA	 10.9	  5.2	30	NA	4.7	NA	 3.7
462	1987	6	  7.3	 11.7	 17.1	20	  4.0	  0.1	2	NA	 31.2	  6.7	4	NA	5.5	NA	 2.6
462	1987	7	 10.4	 14.5	 21.1	12	  7.2	  2.0	25	NA	 63.7	 14.7	8	NA	6.6	NA	 2.5
462	1987	8	  8.7	 13.3	 20.0	11	  5.1	  0.9	31	NA	 17.6	  6.6	1	NA	5.1	NA	 2.4
462	1987	9	  4.6	  7.1	 16.5	7	  2.2	 -3.1	15	NA	 92.3	 15.6	1	NA	7.1	NA	 3.7
462	1987	10	 -0.6	  1.3	 10.6	4	 -3.0	-10.9	29	NA	 50.1	 14.4	1	NA	6.3	NA	 3.8
462	1987	11	  1.5	  4.5	 10.0	4	 -1.2	 -8.7	14	NA	 30.3	 15.1	19	NA	6.0	NA	 4.1
462	1987	12	 -1.1	  1.6	  9.2	2	 -3.6	-17.2	26	NA	 26.9	  7.5	18	NA	6.6	NA	 3.5
462	1988	1	 -7.4	 -4.2	  6.8	16	-10.9	-25.6	24	NA	 33.0	  4.5	14	NA	5.6	NA	 3.9
462	1988	2	 -4.7	 -2.2	  7.2	24	 -8.2	-18.6	13	NA	 23.8	  4.7	2	NA	6.2	NA	 4.7
462	1988	3	 -5.3	 -1.7	  8.1	7	 -8.7	-19.1	20	NA	 24.7	  5.5	18	NA	5.8	NA	 3.7
462	1988	4	 -4.3	 -0.6	 10.2	26	 -7.9	-17.3	18	NA	 41.8	  6.6	15	NA	5.6	NA	 3.8
462	1988	5	  4.3	  8.8	 17.5	15	  0.3	 -6.1	1	NA	 21.0	 10.5	28	NA	5.3	NA	 3.6
462	1988	6	  9.3	 13.8	 23.2	10	  6.2	 -1.0	3	NA	 18.1	  6.1	7	NA	5.4	NA	 4.7
462	1988	7	  8.5	 12.9	 22.1	6	  5.3	  1.6	4	NA	 71.9	 19.1	27	NA	6.2	NA	 3.0
462	1988	8	  9.2	 12.9	 19.8	4	  6.5	  2.8	21	NA	106.6	 26.7	31	NA	6.7	NA	 3.6
462	1988	9	  4.7	  7.0	 16.5	14	  1.8	 -7.1	29	NA	131.1	 37.2	22	NA	7.2	NA	 4.5
462	1988	10	  0.8	  3.6	 11.3	20	 -2.4	-11.1	9	NA	 10.9	  7.2	1	NA	5.8	NA	 3.5
462	1988	11	 -0.2	  3.0	  9.7	24	 -3.6	-13.1	17	NA	 13.4	  9.5	14	NA	5.5	NA	 3.3
462	1988	12	 -3.3	  0.1	  7.9	14	 -7.2	-22.2	25	NA	 53.7	  7.1	26	NA	5.3	NA	 4.7
462	1989	1	 -3.5	 -0.1	  7.2	3	 -6.7	-13.7	22	NA	 54.4	 15.1	23	NA	5.3	NA	 5.1
462	1989	2	 -6.5	 -3.4	  6.1	9	 -9.6	-16.1	16	NA	 46.2	  8.3	2	NA	6.4	NA	 5.4
462	1989	3	 -4.3	 -1.7	  6.8	31	 -8.8	-20.0	16	NA	 52.2	  9.5	21	NA	5.9	NA	 4.4
462	1989	4	 -2.1	  1.3	  8.1	4	 -5.7	-18.2	25	NA	 30.4	 14.2	2	NA	6.0	NA	 3.0
462	1989	5	  2.0	  5.2	 10.3	31	 -0.7	 -5.0	9	NA	 13.6	  4.3	18	NA	6.1	NA	 4.0
462	1989	6	  7.1	 10.6	 15.7	15	  3.9	 -1.7	29	NA	 12.7	  3.4	5	NA	5.7	NA	 3.7
462	1989	7	 10.4	 14.3	 19.8	22	  6.7	  0.4	1	NA	 54.6	 20.1	26	NA	5.5	NA	 4.6
462	1989	8	  8.5	 12.2	 17.5	29	  5.6	 -1.6	26	NA	 81.5	 17.0	16	NA	6.6	NA	 3.1
462	1989	9	  5.0	  7.8	 14.8	3	  1.9	 -2.5	8	NA	 72.6	 15.8	6	NA	6.4	NA	 5.0
462	1989	10	  2.1	  4.9	 13.4	4	 -1.4	 -8.1	27	NA	 14.2	  4.9	14	NA	6.2	NA	 3.2
462	1989	11	 -1.6	  1.3	  9.7	15	 -5.0	-14.6	19	NA	 43.6	 23.0	16	NA	5.5	NA	 2.9
462	1989	12	 -3.2	 -0.5	 10.0	5	 -6.5	-22.8	20	NA	  7.1	  1.3	15	NA	5.4	NA	 4.2
462	1990	1	 -3.1	 -0.9	  5.4	4	 -5.8	-12.0	16	NA	 71.8	 16.5	2	NA	6.4	NA	 4.8
462	1990	2	 -5.2	 -2.7	  1.0	1	 -7.9	-16.2	28	NA	 48.4	  5.6	26	NA	6.6	NA	 4.9
462	1990	3	 -5.4	 -2.1	  4.6	25	 -9.0	-18.2	10	NA	 40.3	  6.3	3	NA	5.8	NA	 4.7
462	1990	4	 -3.1	  0.6	  7.6	20	 -6.5	-20.3	4	NA	 28.1	  7.3	26	NA	5.3	NA	 4.5
462	1990	5	  5.2	  9.5	 14.9	29	  2.1	 -1.2	23	NA	 20.4	  7.2	30	NA	5.0	NA	 2.7
462	1990	6	  8.0	 11.8	 18.0	12	  4.7	 -0.7	26	NA	 32.8	  6.8	25	NA	6.2	NA	 2.8
462	1990	7	 10.5	 14.6	 22.9	14	  7.3	  2.1	2	NA	 29.2	 10.2	31	NA	6.2	NA	 3.3
462	1990	8	  8.9	 13.0	 20.2	9	  6.0	  1.1	18	NA	 55.1	  9.3	20	NA	6.5	NA	 2.5
462	1990	9	  4.2	  6.8	 16.2	10	  1.3	 -4.5	20	NA	 36.6	  8.8	23	NA	6.2	NA	 4.0
462	1990	10	  1.5	  3.6	  8.9	20	 -1.4	 -7.5	11	NA	 52.0	  8.2	3	NA	7.2	NA	 4.0
462	1990	11	 -0.2	  2.3	  9.8	29	 -2.9	-12.8	3	NA	 23.2	 10.2	14	NA	6.1	NA	 3.1
462	1990	12	 -2.8	  0.5	 12.1	14	 -6.2	-17.9	20	NA	 14.8	 10.3	11	NA	5.0	NA	 5.2
462	1991	1	 -0.9	  1.7	  9.3	21	 -4.0	-12.6	20	NA	 16.8	  4.5	5	NA	5.4	NA	 5.0
462	1991	2	 -2.5	  0.8	  7.4	5	 -5.4	-18.1	25	NA	  7.5	  2.5	20	NA	5.0	NA	 3.3
462	1991	3	 -0.6	  1.7	  9.2	25	 -3.8	-11.9	30	NA	 44.4	  7.3	20	NA	6.5	NA	 5.0
462	1991	4	 -2.4	  1.6	  9.2	27	 -6.5	-16.3	4	NA	 23.2	  4.4	1	NA	5.5	NA	 3.3
462	1991	5	  6.1	  9.6	 16.6	25	  3.2	 -2.1	9	NA	 33.1	 11.5	9	NA	5.8	NA	 4.2
462	1991	6	  6.8	 11.6	 21.5	30	  2.6	 -1.1	4	NA	 24.9	 10.3	11	NA	4.1	NA	 2.5
462	1991	7	 11.8	 16.4	 26.8	7	  8.7	  1.3	21	NA	 70.7	 26.1	28	NA	5.9	NA	 2.7
462	1991	8	 10.5	 14.7	 24.7	1	  6.4	  1.3	24	NA	 19.8	 11.7	29	NA	5.9	NA	 3.9
462	1991	9	  5.0	  8.7	 20.6	5	  1.7	 -5.4	27	NA	 63.1	 15.5	14	NA	6.2	NA	 3.4
462	1991	10	  2.6	  4.8	 11.4	22	 -0.3	 -7.5	18	NA	 92.5	 37.3	4	NA	6.1	NA	 3.8
462	1991	11	 -3.0	 -0.3	  7.1	20	 -5.9	-13.1	15	NA	 47.6	 15.2	3	NA	6.7	NA	 3.9
462	1991	12	 -1.7	  1.7	  8.5	27	 -5.4	-22.2	21	NA	 12.3	  4.6	25	NA	5.0	NA	 4.8
462	1992	1	  0.5	  4.1	 13.4	14	 -3.2	-19.5	4	NA	 16.7	  4.6	7	NA	5.3	NA	 5.3
462	1992	2	 -3.3	  0.5	 12.0	6	 -6.7	-15.2	11	NA	 25.6	  5.9	1	NA	6.0	NA	 4.3
462	1992	3	 -2.4	  0.2	  7.0	8	 -6.2	-20.0	15	NA	 29.5	  4.5	8	NA	6.2	NA	 3.8
462	1992	4	 -0.4	  2.1	  5.6	8	 -2.9	 -9.9	7	NA	  9.5	  1.8	18	NA	6.5	NA	 3.0
462	1992	5	  4.2	  8.0	 19.0	26	  0.9	 -8.1	10	NA	 21.0	  7.7	14	NA	5.5	NA	 4.0
462	1992	6	  7.6	 11.7	 17.0	9	  4.8	  0.3	24	NA	 14.7	  3.6	23	NA	5.8	NA	 4.9
462	1992	7	  8.4	 12.6	 22.1	6	  5.0	  0.5	22	NA	 66.2	 14.4	20	NA	6.1	NA	 2.8
462	1992	8	  7.8	 11.9	 18.0	17	  4.7	  0.3	26	NA	136.6	 33.1	29	NA	6.4	NA	 3.2
462	1992	9	  4.6	  7.2	 14.0	30	  2.4	 -0.2	3	NA	 59.5	 13.5	8	NA	7.3	NA	 3.0
462	1992	10	  1.4	  4.7	 13.5	6	 -2.1	-15.2	29	NA	 45.7	 15.5	8	NA	5.9	NA	 2.9
462	1992	11	 -3.1	 -0.3	  9.1	8	 -6.5	-18.2	21	NA	 57.7	 12.2	6	NA	5.6	NA	 4.0
462	1992	12	 -3.2	 -0.6	  9.1	26	 -5.7	-12.2	31	NA	 54.8	  6.1	13	NA	6.0	NA	 6.9
462	1993	1	 -6.2	 -3.0	  5.6	29	-10.5	-20.2	24	NA	 46.0	  8.3	17	NA	6.1	NA	 5.3
462	1993	2	 -1.5	  1.5	  7.8	21	 -4.9	-14.4	27	NA	 22.9	  5.6	6	NA	5.7	NA	 6.4
462	1993	3	 -0.6	  2.2	  8.9	1	 -3.7	-10.8	22	NA	 20.2	  7.9	4	NA	5.5	NA	 4.9
462	1993	4	  0.8	  3.4	  9.9	28	 -2.0	 -8.1	24	NA	 15.0	  6.7	21	NA	5.9	NA	 3.8
462	1993	5	  3.0	  6.6	 16.1	26	 -0.1	 -6.7	3	NA	 42.6	  9.4	24	NA	6.0	NA	 4.9
462	1993	6	  6.5	 10.6	 16.3	12	  3.4	 -1.8	2	NA	 57.3	 20.1	9	NA	6.1	NA	 2.7
462	1993	7	  5.8	  9.0	 15.7	17	  4.1	  1.3	10	NA	 62.6	  8.6	8	NA	7.5	NA	 2.6
462	1993	8	  8.0	 12.2	 19.1	25	  5.2	  1.0	12	NA	 50.1	 12.8	20	NA	6.4	NA	 3.8
462	1993	9	  7.5	 11.1	 17.9	3	  4.6	 -0.5	17	NA	  8.9	  2.5	27	NA	5.4	NA	 2.7
462	1993	10	  1.9	  4.4	 10.8	26	 -1.1	-10.3	16	NA	 13.7	 10.3	4	NA	5.7	NA	 4.3
462	1993	11	  2.2	  5.0	 10.2	1	 -0.8	 -7.3	22	NA	 19.6	 15.8	9	NA	5.0	NA	 5.1
462	1993	12	 -5.4	 -2.8	  3.4	29	 -9.0	-17.1	13	NA	 30.3	  7.1	2	NA	5.7	NA	 3.1
462	1994	1	 -5.6	 -3.3	  5.5	18	 -8.9	-19.1	28	NA	 29.1	  5.9	13	NA	6.6	NA	 4.6
462	1994	2	 -2.6	  0.5	  7.2	14	 -5.5	-15.7	25	NA	 12.0	 10.5	14	NA	5.0	NA	 2.9
462	1994	3	 -4.3	 -1.7	  5.4	28	 -7.9	-16.4	20	NA	 29.2	  4.3	11	NA	6.7	NA	 4.2
462	1994	4	 -1.9	  0.6	  7.9	14	 -4.9	-11.3	29	NA	 22.9	  6.3	9	NA	6.1	NA	 4.0
462	1994	5	  4.6	  7.9	 11.6	28	  1.9	 -2.7	18	NA	  9.2	  4.7	4	NA	5.9	NA	 2.8
462	1994	6	  5.6	  9.1	 15.2	28	  3.4	 -1.4	2	NA	 46.7	  9.2	25	NA	6.7	NA	 3.4
462	1994	7	 11.6	 16.2	 24.0	6	  8.3	  3.8	29	NA	 26.2	 11.8	30	NA	6.1	NA	 3.3
462	1994	8	 10.0	 15.0	 21.3	7	  6.7	 -1.8	29	NA	 49.0	 10.5	28	NA	5.7	NA	 3.2
462	1994	9	  4.7	  8.7	 17.7	2	  1.6	 -7.3	28	NA	 24.5	 11.4	9	NA	5.8	NA	 3.2
462	1994	10	 -0.5	  2.3	 10.8	5	 -3.5	-13.1	16	NA	 71.9	 13.0	20	NA	7.2	NA	 3.0
462	1994	11	 -1.1	  1.4	  9.5	26	 -4.3	-13.5	18	NA	 61.9	 16.0	30	NA	5.8	NA	 4.3
462	1994	12	 -3.5	 -0.9	 10.2	2	 -6.6	-14.2	12	NA	 21.9	  5.7	8	NA	6.1	NA	 5.1
462	1995	1	 -5.3	 -2.5	  6.0	3	 -8.0	-20.6	27	NA	 42.5	  6.2	22	NA	6.4	NA	 6.2
462	1995	2	 -6.2	 -4.2	  0.8	2	 -9.4	-20.0	9	NA	 33.5	  7.5	24	NA	6.3	NA	 3.1
462	1995	3	 -4.6	 -2.1	  8.3	30	 -7.8	-16.7	28	NA	 28.7	  4.3	15	NA	5.9	NA	 5.8
462	1995	4	 -2.0	  0.7	  7.9	9	 -4.5	-12.1	2	NA	 13.3	  2.7	20	NA	6.0	NA	 4.3
462	1995	5	  1.4	  4.6	 12.3	31	 -1.0	 -6.9	14	NA	 32.5	  7.3	29	NA	6.4	NA	 2.8
462	1995	6	  8.2	 12.3	 17.6	30	  5.7	 -1.3	3	NA	 24.9	 10.1	17	NA	6.1	NA	 4.4
462	1995	7	  8.5	 12.9	 19.6	2	  5.2	  0.0	6	NA	 34.3	  8.7	6	NA	6.2	NA	 3.6
462	1995	8	 10.9	 15.4	 20.6	9	  8.0	  1.5	24	NA	 15.4	  4.5	31	NA	6.1	NA	 3.9
462	1995	9	  5.4	  8.9	 17.4	14	  2.0	 -7.8	29	NA	 21.9	  8.1	25	NA	5.7	NA	 4.1
462	1995	10	  0.5	  2.1	  6.6	31	 -2.2	 -9.9	30	NA	156.1	 32.5	5	NA	7.1	NA	 4.5
462	1995	11	 -1.1	  1.6	  9.1	7	 -4.0	-13.8	26	NA	 27.3	  6.7	22	NA	6.0	NA	 3.5
462	1995	12	 -5.1	 -1.8	 10.2	2	 -8.5	-25.5	26	NA	 14.1	  9.1	25	NA	4.1	NA	 3.8
462	1996	1	 -1.6	  1.4	  8.6	17	 -5.0	-15.0	1	NA	 10.6	  4.7	4	NA	5.0	NA	 3.6
462	1996	2	 -3.7	 -0.2	  7.8	20	 -7.1	-17.3	27	NA	 28.5	  6.3	7	NA	6.2	NA	 5.1
462	1996	3	  0.7	  4.3	  9.1	2	 -2.8	-13.2	24	NA	  1.7	  0.6	8	NA	4.5	NA	 4.3
462	1996	4	  0.5	  3.6	 10.2	8	 -1.8	-10.5	6	NA	 25.8	  6.7	20	NA	6.7	NA	 3.1
462	1996	5	  4.1	  7.7	 13.4	11	  0.7	 -6.4	5	NA	 17.8	  9.3	25	NA	5.8	NA	 3.8
462	1996	6	  6.9	 11.4	 18.7	21	  4.3	 -1.3	3	NA	 64.5	 15.5	11	NA	6.7	NA	 3.5
462	1996	7	 10.1	 14.7	 21.7	16	  6.9	  2.9	3	NA	 60.6	 33.2	26	NA	6.2	NA	 3.6
462	1996	8	  8.8	 13.3	 17.9	9	  5.7	  0.0	18	NA	 41.2	  8.2	3	NA	6.3	NA	 3.6
462	1996	9	 10.0	 13.4	 20.0	4	  6.8	  1.5	23	NA	 60.0	 16.4	28	NA	6.4	NA	 4.2
462	1996	10	  1.2	  3.7	 11.2	24	 -1.3	-14.1	13	NA	 64.8	 10.3	21	NA	6.4	NA	 3.5
462	1996	11	 -6.6	 -3.4	  8.3	13	-10.4	-19.8	23	NA	 30.5	  6.8	1	NA	5.6	NA	 3.3
462	1996	12	 -4.2	 -0.9	  9.7	27	 -7.7	-18.0	16	NA	 35.2	 11.3	9	NA	5.4	NA	 3.3
462	1997	1	 -3.7	 -0.6	  7.8	28	 -7.7	-16.8	19	NA	 36.3	 12.4	14	NA	4.9	NA	 5.5
462	1997	2	 -4.9	 -2.1	  6.3	1	 -8.3	-16.2	26	NA	 11.5	  2.6	7	NA	6.0	NA	 4.4
462	1997	3	 -4.4	 -1.2	  5.6	8	 -7.7	-21.0	16	NA	 34.1	  9.4	9	NA	5.9	NA	 4.4
462	1997	4	  0.8	  4.9	 13.2	14	 -3.1	-12.9	6	NA	 11.3	  5.6	27	NA	6.5	NA	 3.5
462	1997	5	  2.5	  6.1	 15.2	31	 -0.5	 -7.6	5	NA	  9.1	  2.7	11	NA	6.0	NA	 4.7
462	1997	6	  6.0	 10.8	 20.3	3	  2.9	 -4.7	7	NA	 31.2	 10.2	23	NA	6.2	NA	 3.7
462	1997	7	 12.2	 16.4	 22.0	24	  9.0	  3.5	8	NA	 48.9	 14.1	15	NA	6.4	NA	 3.2
462	1997	8	  9.7	 14.0	 24.7	12	  6.5	  0.9	10	NA	 39.3	  8.3	29	NA	6.3	NA	 3.6
462	1997	9	  6.0	  9.1	 17.3	24	  2.6	 -5.6	14	NA	 42.0	 10.1	5	NA	6.2	NA	 6.2
462	1997	10	  1.9	  4.3	 12.6	29	 -1.2	 -9.7	19	NA	 64.6	 16.7	9	NA	6.4	NA	 3.3
462	1997	11	  0.0	  1.9	  6.7	19	 -2.3	 -8.2	14	NA	 47.9	 24.2	4	NA	7.1	NA	 2.5
462	1997	12	 -1.6	  1.5	 11.5	14	 -4.7	-11.7	29	NA	 39.5	 12.5	24	NA	5.3	NA	 2.8
462	1998	1	 -2.8	 -0.1	  7.2	26	 -5.8	-20.0	18	NA	 27.5	  7.2	3	NA	6.3	NA	 5.0
462	1998	2	 -5.2	 -1.7	  7.2	17	 -9.5	-19.9	12	NA	 32.3	  7.8	19	NA	5.7	NA	 4.7
462	1998	3	 -4.8	 -1.3	  8.3	14	 -9.1	-25.6	6	NA	 13.5	  2.6	5	NA	5.1	NA	 5.4
462	1998	4	 -1.0	  2.3	  8.1	24	 -4.0	-13.0	12	NA	 35.4	  7.2	22	NA	6.2	NA	 2.2
462	1998	5	  4.6	  8.5	 15.3	26	  1.3	 -8.8	9	NA	  8.0	  3.2	6	NA	5.0	NA	 4.1
462	1998	6	  6.0	 10.3	 16.0	17	  2.3	 -2.5	3	NA	 35.1	 11.7	22	NA	6.1	NA	 2.6
462	1998	7	  7.6	 11.5	 19.1	1	  4.5	  0.7	23	NA	 35.4	  8.2	8	NA	6.9	NA	 2.1
462	1998	8	  9.8	 14.3	 18.3	30	  6.1	  0.1	22	NA	 39.2	 13.5	4	NA	6.4	NA	 2.1
462	1998	9	  4.5	  7.2	 16.1	3	  2.4	 -4.1	30	NA	 79.1	 22.4	19	NA	7.1	NA	 3.2
462	1998	10	 -0.6	  1.8	 13.0	6	 -3.4	-15.2	17	NA	 53.4	 22.5	9	NA	6.6	NA	 4.0
462	1998	11	 -2.4	  0.6	  7.5	8	 -6.3	-19.0	6	NA	 23.4	 14.4	10	NA	5.8	NA	 3.2
462	1998	12	 -2.7	 -0.1	  7.4	7	 -6.1	-20.3	20	NA	 46.6	 13.0	7	NA	6.2	NA	 4.3
462	1999	1	 -3.8	 -1.0	  9.1	31	 -7.7	-16.2	15	NA	 25.8	  3.6	17	NA	6.0	NA	 5.5
462	1999	2	 -4.5	 -1.0	  8.7	1	 -7.8	-19.9	17	NA	 26.6	  7.7	19	NA	5.3	NA	 6.0
462	1999	3	 -6.2	 -2.9	  2.1	11	 -9.4	-17.5	31	NA	 31.4	  8.3	11	NA	6.4	NA	 3.7
462	1999	4	 -2.1	  2.1	 12.0	26	 -6.1	-15.8	1	NA	 22.0	  5.1	11	NA	5.7	NA	 3.5
462	1999	5	  4.1	  7.7	 12.8	16	  1.2	 -4.2	14	NA	 70.8	 27.3	22	NA	6.1	NA	 4.7
462	1999	6	  7.9	 12.0	 21.5	29	  5.0	 -0.3	1	NA	 40.6	 15.3	15	NA	5.9	NA	 5.6
462	1999	7	 10.2	 15.1	 22.3	29	  6.5	  3.3	2	NA	 34.3	  9.7	16	NA	5.5	NA	 3.7
462	1999	8	  9.9	 14.4	 22.1	4	  6.6	  1.6	6	NA	 22.2	  8.8	15	NA	6.1	NA	 3.6
462	1999	9	  5.6	  8.9	 17.7	20	  2.4	 -7.1	29	NA	 62.6	 13.5	9	NA	6.7	NA	 3.3
462	1999	10	  2.2	  4.5	 13.0	15	 -1.0	 -7.9	9	NA	 79.8	 27.1	2	NA	5.6	NA	 4.5
462	1999	11	 -0.7	  2.1	 13.8	19	 -4.0	-12.3	28	NA	 36.8	  9.8	1	NA	5.6	NA	 5.1
462	1999	12	 -4.4	 -1.6	  5.2	20	 -8.4	-17.6	5	NA	 22.7	  5.7	22	NA	5.6	NA	 3.3
462	2000	1	 -2.0	  1.2	 12.3	24	 -5.7	-16.1	4	NA	 17.5	  8.0	29	NA	5.0	NA	 6.6
462	2000	2	 -4.4	 -1.6	  6.1	5	 -7.7	-15.9	19	NA	 33.8	 10.5	12	NA	6.1	NA	 5.0
462	2000	3	 -2.3	  0.4	 10.9	28	 -5.9	-16.6	4	NA	 40.7	  8.2	23	NA	6.4	NA	 6.2
462	2000	4	 -2.0	  1.1	  9.9	30	 -5.5	-14.2	2	NA	  7.7	  4.2	3	NA	5.2	NA	 4.3
462	2000	5	  5.3	  9.2	 19.9	13	  2.0	 -3.8	20	NA	 21.0	  6.1	28	NA	5.8	NA	 5.4
462	2000	6	  7.9	 12.4	 23.0	30	  3.2	 -2.4	3	NA	 16.1	  8.2	17	NA	4.7	NA	 3.4
462	2000	7	 11.6	 16.5	 24.0	24	  7.5	  2.0	9	NA	  8.4	  2.0	5	NA	5.5	NA	 4.0
462	2000	8	 10.3	 15.0	 21.7	1	  6.5	  0.9	6	NA	 76.3	 23.7	16	NA	5.8	NA	 3.0
462	2000	9	  6.9	 10.9	 17.0	2	  3.1	 -4.8	19	NA	 52.4	 16.1	8	NA	6.1	NA	 3.8
462	2000	10	  1.5	  3.9	 11.7	6	 -1.1	 -8.9	13	NA	 74.3	 18.1	31	NA	6.7	NA	 2.6
462	2000	11	 -2.0	 -0.2	  5.0	15	 -4.6	-15.1	7	NA	 63.9	 10.7	30	NA	7.3	NA	 4.4
462	2000	12	 -3.7	 -1.6	  5.1	20	 -6.2	-21.9	30	NA	 38.6	  7.1	2	NA	6.5	NA	 5.0
462	2001	1	 -1.1	  1.0	  6.9	20	 -3.6	-11.6	29	NA	 15.9	  4.5	27	NA	6.4	NA	 4.6
462	2001	2	 -3.5	 -0.5	  7.7	18	 -6.8	-17.2	9	NA	 15.1	  5.3	2	NA	6.1	NA	 7.0
462	2001	3	 -5.3	 -2.5	  2.3	9	 -8.4	-15.2	3	NA	 18.6	  4.1	5	NA	6.3	NA	 3.9
462	2001	4	 -1.0	  2.3	  9.8	19	 -4.1	-15.1	11	NA	 11.9	  3.5	7	NA	6.3	NA	 3.5
462	2001	5	  4.5	  8.1	 14.1	29	  1.2	 -4.7	16	NA	 23.0	 11.1	21	NA	6.1	NA	 5.2
462	2001	6	  6.9	 11.5	 18.1	23	  3.0	 -2.5	6	NA	 19.1	  7.8	19	NA	5.3	NA	 3.8
462	2001	7	  8.9	 12.9	 17.6	4	  6.0	  0.1	1	NA	 59.7	  9.9	10	NA	6.6	NA	 3.1
462	2001	8	  8.5	 12.3	 15.9	19	  6.0	  1.5	9	NA	 60.0	 15.5	21	NA	6.6	NA	 2.6
462	2001	10	  2.7	  5.4	 11.1	9	  0.6	-10.3	31	NA	167.8	 46.8	7	NA	6.2	NA	 3.8
462	2001	11	 -1.2	  3.1	 11.6	9	 -4.8	-13.5	28	NA	 33.6	  5.8	25	NA	5.9	NA	 6.4
462	2001	12	 -0.6	  3.0	 10.7	14	 -3.9	-13.5	26	NA	 10.5	  1.8	4	NA	5.4	NA	 5.5
462	2002	1	 -3.0	  0.6	 10.1	6	 -6.6	-24.4	25	NA	 37.4	  6.8	14	NA	5.5	NA	 3.8
462	2002	2	 -7.3	 -3.7	  6.0	15	-10.8	-20.2	28	NA	 50.1	 12.6	3	NA	6.9	NA	 5.5
462	2002	3	 -4.7	 -0.6	  6.1	25	 -8.5	-18.2	19	NA	 14.1	  6.8	31	NA	5.6	NA	 3.2
462	2002	4	  1.4	  4.9	 10.6	20	 -1.3	 -8.6	27	NA	 35.3	  7.3	20	NA	6.3	NA	 4.9
462	2002	5	  3.7	  7.4	 14.5	18	  0.8	 -5.3	3	NA	 57.2	  9.9	31	NA	6.4	NA	 4.2
462	2002	6	  8.2	 13.0	 20.5	10	  5.0	  0.0	19	NA	 97.2	 48.5	19	NA	6.1	NA	 4.1
462	2002	7	  9.7	 14.1	 19.6	19	  6.1	  0.6	13	NA	 34.3	 10.6	25	NA	6.3	NA	 3.5
462	2002	8	  9.2	 13.5	 21.7	1	  6.2	  1.3	31	NA	 71.5	 20.4	29	NA	6.7	NA	 3.3
462	2002	9	  8.5	 13.1	 21.7	13	  5.6	 -0.8	29	NA	 38.2	  8.3	19	NA	5.8	NA	 2.9
462	2002	10	  1.9	  5.2	 15.8	1	 -0.7	-15.9	28	NA	 26.2	  5.0	24	NA	6.4	NA	 3.7
462	2002	11	  1.5	  3.4	  7.3	29	 -0.9	-13.6	16	NA	 43.1	 12.5	7	NA	7.1	NA	 2.4
462	2002	12	  0.4	  3.6	 11.6	6	 -2.2	-11.1	29	NA	 23.1	  7.2	1	NA	5.2	NA	 3.7
462	2003	1	 -3.7	 -0.1	  7.0	11	 -7.1	-19.5	22	NA	 35.0	  7.6	17	NA	6.1	NA	 4.1
462	2003	2	 -0.2	  3.1	  9.3	16	 -3.5	-15.1	5	NA	 20.0	  4.6	20	NA	5.8	NA	 6.2
462	2003	3	  0.8	  4.2	  9.7	24	 -1.8	-16.4	11	NA	 20.8	  9.1	6	NA	5.5	NA	 6.5
462	2003	4	  3.5	  8.0	 16.0	18	  0.7	 -6.7	2	NA	 16.8	  4.6	12	NA	6.2	NA	 5.1
462	2003	5	  3.3	  7.8	 18.6	16	 -0.4	 -8.4	5	NA	 28.4	 13.1	19	NA	5.3	NA	 4.2
462	2003	6	  9.2	 13.7	 20.2	26	  5.9	  0.5	3	NA	 62.6	 13.8	7	NA	6.1	NA	 4.0
462	2003	7	 10.6	 14.9	 23.2	17	  7.4	  3.3	11	NA	122.3	 27.5	4	NA	6.6	NA	 3.2
462	2003	8	 11.7	 16.8	 22.6	25	  8.3	  1.0	28	NA	 35.3	 10.0	21	NA	6.2	NA	 3.0
462	2003	9	  6.4	 10.0	 16.8	1	  3.0	 -6.8	26	NA	 82.9	 27.2	12	NA	5.6	NA	 5.5
462	2003	10	  1.0	  4.8	 12.3	26	 -2.0	 -9.7	11	NA	 34.9	  7.0	6	NA	5.9	NA	 3.6
462	2003	11	 -1.3	  2.0	 11.3	7	 -4.6	-11.7	26	NA	 52.5	 17.2	21	NA	5.8	NA	 3.3
462	2003	12	 -3.5	  0.3	  8.3	16	 -7.6	-19.3	29	NA	 63.7	 10.2	17	NA	6.5	NA	 5.0
462	2004	1	 -4.2	 -0.6	  7.5	21	 -7.8	-15.1	26	NA	 57.1	 10.7	12	NA	6.4	NA	 5.4
462	2004	2	 -1.6	  1.6	  9.9	11	 -5.2	-15.2	8	NA	 20.1	  5.7	7	NA	5.9	NA	 7.1
462	2004	3	  1.5	  4.2	  9.7	9	 -1.0	 -8.7	23	NA	 23.9	 10.1	30	NA	5.9	NA	 5.6
462	2004	4	  2.3	  5.6	 11.1	25	 -0.5	 -5.9	11	NA	 33.5	  6.1	5	NA	6.9	NA	 4.1
462	2004	5	  4.5	  9.0	 18.8	26	  1.8	 -3.7	5	NA	 44.7	 10.5	17	NA	6.6	NA	 4.6
462	2004	6	  8.4	 13.1	 17.8	10	  4.0	 -0.4	18	NA	 15.9	  2.3	18	NA	6.0	NA	 3.9
462	2004	7	 11.1	 16.2	 23.3	9	  7.1	  1.7	4	NA	 45.5	 17.1	1	NA	5.8	NA	 3.5
462	2004	8	 11.4	 17.2	 26.7	10	  6.3	  1.8	30	NA	 14.5	  6.1	27	NA	5.0	NA	 2.8
462	2004	9	  6.9	 11.3	 18.3	8	  3.8	 -1.6	15	NA	 68.6	 13.4	2	NA	6.2	NA	 3.7
462	2004	10	  1.5	  4.3	 13.3	1	 -1.8	-13.0	28	NA	 92.8	 49.0	5	NA	6.5	NA	 4.9
462	2004	11	 -1.8	  1.6	 11.5	7	 -6.2	-18.2	21	NA	 44.7	 18.3	9	NA	5.7	NA	 4.5
462	2004	12	 -3.6	 -0.0	  8.0	13	 -7.8	-18.7	18	NA	 15.6	  2.6	7	NA	5.2	NA	 5.1
462	2005	1	 -2.6	  0.1	  9.4	25	 -6.2	-16.0	13	NA	 40.8	 21.0	4	NA	5.7	NA	 5.5
462	2005	2	 -1.6	  3.0	 11.4	21	 -4.7	-14.1	5	NA	  4.5	  1.7	4	NA	4.4	NA	 4.7
462	2005	3	  0.4	  4.2	 13.6	27	 -3.0	-13.0	13	NA	 12.1	  4.7	24	NA	5.3	NA	 3.8
462	2005	4	  0.9	  4.6	 11.4	25	 -2.1	-13.0	8	NA	 29.0	  9.2	10	NA	6.6	NA	 4.1
462	2005	5	  2.4	  6.8	 13.7	31	 -1.1	 -4.9	18	NA	  6.9	  3.2	1	NA	5.3	NA	 4.3
462	2005	6	  8.3	 12.6	 19.2	12	  5.2	  0.4	4	NA	 37.1	 12.3	20	NA	6.4	NA	 4.0
462	2005	7	 11.0	 16.5	 22.8	24	  8.1	  3.5	27	NA	 54.8	 14.4	11	NA	5.7	NA	 3.8
462	2005	8	  7.8	 11.7	 19.0	8	  5.4	  0.6	31	NA	 84.3	 16.0	17	NA	6.9	NA	 3.5
462	2005	9	  2.8	  5.5	 12.3	10	  0.5	 -5.9	24	NA	135.2	 31.8	27	NA	6.8	NA	 4.0
462	2005	10	 -1.2	  1.7	 10.2	15	 -3.8	-11.5	14	NA	 69.9	 12.0	1	NA	6.8	NA	 4.0
462	2005	11	 -2.7	  0.7	  7.5	20	 -6.4	-12.6	4	NA	 39.4	  9.9	7	NA	5.4	NA	 4.3
462	2005	12	 -1.0	  2.2	  9.1	25	 -4.3	-12.1	4	NA	 26.2	  7.7	3	NA	5.4	NA	 4.4
462	2006	1	 -0.2	  3.3	 10.1	29	 -3.5	-13.1	17	NA	 12.2	  5.5	16	NA	4.8	NA	 6.2
462	2006	2	 -0.0	  3.2	  9.1	1	 -3.0	-17.6	9	NA	 14.7	  3.1	6	NA	6.0	NA	 4.8
462	2006	3	 -3.0	 -0.1	 10.3	18	 -5.7	-14.4	6	NA	 18.1	  6.0	28	NA	6.4	NA	 4.0
462	2006	4	 -0.5	  2.9	 10.3	29	 -3.9	-12.4	2	NA	 23.6	  4.1	30	NA	6.2	NA	 5.7
462	2006	5	  2.5	  6.7	 18.1	9	 -0.3	 -5.2	22	NA	 35.9	  6.0	6	NA	6.2	NA	 4.3
462	2006	6	  8.8	 13.9	 18.1	11	  5.7	 -1.1	13	NA	 17.1	  5.7	13	NA	5.6	NA	 5.1
462	2006	7	 10.1	 15.5	 21.2	28	  6.2	  2.7	10	NA	 20.0	  7.7	21	NA	5.9	NA	 3.8
462	2006	8	 10.6	 15.5	 23.4	3	  7.3	  2.3	16	NA	 88.9	 16.5	1	NA	5.7	NA	 3.0
462	2006	9	  7.1	 10.8	 16.2	15	  4.3	 -1.9	23	NA	 47.2	 18.6	2	NA	6.4	NA	 3.3
462	2006	10	  1.5	  4.1	 11.6	13	 -0.6	-12.3	31	NA	 57.6	  7.1	9	NA	6.8	NA	 3.3
462	2006	11	 -3.1	 -0.4	  9.2	3	 -6.3	-19.2	19	NA	 33.7	  8.1	13	NA	6.7	NA	 4.8
462	2006	12	  0.3	  2.8	 10.4	21	 -2.5	-14.0	17	NA	 37.4	  6.7	1	NA	6.1	NA	 5.8
462	2007	1	 -3.6	 -0.6	 11.7	24	 -6.7	-20.0	17	NA	 11.8	  2.6	11	NA	5.9	NA	 3.8
462	2007	2	 -4.4	 -1.8	  7.6	3	 -6.8	-17.6	7	NA	 11.2	  2.8	22	NA	5.9	NA	 3.1
462	2007	3	 -0.4	  2.5	  9.2	23	 -3.6	-11.9	2	NA	 43.0	  8.2	7	NA	6.4	NA	 4.8
462	2007	4	  2.8	  6.3	 17.3	30	 -0.6	 -8.5	19	NA	 25.7	  8.5	14	NA	5.3	NA	 4.7
462	2007	5	  2.5	  6.0	 15.3	1	 -0.3	 -5.3	11	NA	 17.1	  4.1	18	NA	6.6	NA	 4.0
462	2007	6	  9.9	 14.6	 18.6	30	  5.8	  2.0	12	NA	 16.5	  6.5	28	NA	5.4	NA	 3.8
462	2007	7	  9.2	 14.8	 18.8	20	  6.2	  2.0	11	NA	 20.9	  8.8	6	NA	5.5	NA	 3.5
462	2007	8	  8.6	 12.9	 19.9	8	  5.9	  2.5	28	NA	 83.5	 21.4	1	NA	6.6	NA	 3.5
462	2007	9	  5.4	  8.8	 16.5	4	  2.9	 -4.2	15	NA	 81.9	 28.2	13	NA	6.6	NA	 4.9
462	2007	10	  3.4	  7.1	 14.8	19	  0.3	 -9.9	31	NA	 73.9	 17.8	31	NA	5.7	NA	 4.3
462	2007	11	 -0.8	  2.9	 10.3	19	 -4.3	-13.6	25	NA	 27.1	  8.3	28	NA	5.6	NA	 5.0
462	2007	12	 -1.4	  1.5	 10.3	18	 -5.2	-13.7	10	NA	 30.6	  6.4	15	NA	5.8	NA	 4.2
462	2008	1	 -4.1	 -1.3	  7.3	1	 -7.8	-16.3	13	NA	 15.3	  3.1	2	NA	5.3	NA	 4.4
462	2008	2	 -2.6	  0.4	  7.9	18	 -5.5	-16.0	2	NA	 15.6	  4.6	24	NA	5.8	NA	 5.7
462	2008	3	 -4.0	 -0.7	  7.1	5	 -7.1	-16.7	4	NA	 39.7	  5.5	9	NA	6.9	NA	 3.7
462	2008	4	 -1.2	  2.3	  9.0	24	 -4.4	-12.5	13	NA	 25.3	  5.2	3	NA	5.5	NA	 3.4
462	2008	5	  5.9	 10.1	 17.3	28	  2.9	 -2.7	10	NA	 56.7	 16.1	10	NA	6.1	NA	 3.0
462	2008	6	  7.2	 11.6	 17.0	14	  4.1	  0.0	19	NA	 46.9	  9.6	29	NA	5.9	NA	 3.6
462	2008	7	 11.8	 17.4	 24.2	30	  7.9	  2.7	19	NA	 33.6	 10.6	22	NA	5.2	NA	 3.1
462	2008	8	 10.0	 15.1	 22.7	2	  6.6	  2.8	10	NA	 31.1	 14.3	25	NA	5.6	NA	 3.1
462	2008	9	  7.8	 11.5	 17.7	12	  5.2	 -1.4	30	NA	 54.7	 10.0	18	NA	5.5	NA	 5.0
462	2008	10	 -0.8	  1.8	  7.1	8	 -3.8	-12.5	3	NA	 21.9	  3.7	23	NA	6.3	NA	 4.1
462	2008	11	 -0.8	  2.8	  9.8	1	 -4.0	 -9.9	12	NA	 47.3	 20.1	10	NA	6.7	NA	 5.5
462	2008	12	 -2.5	  0.9	  9.3	23	 -6.0	-13.7	2	NA	 18.5	  9.8	23	NA	5.0	NA	 4.4
462	2009	1	 -1.3	  1.3	  7.1	9	 -5.2	-13.5	31	NA	 61.7	 12.1	4	NA	6.5	NA	 3.7
462	2009	2	 -5.6	 -2.0	  7.7	17	 -9.0	-19.1	12	NA	 24.1	  6.0	25	NA	5.6	NA	 2.8
462	2009	3	 -2.9	 -0.3	  9.8	18	 -5.5	-19.1	28	NA	 42.0	 10.5	14	NA	6.6	NA	 5.1
462	2009	4	  1.1	  4.2	 11.2	29	 -1.8	 -7.4	9	NA	 59.7	 15.0	1	NA	6.7	NA	 3.2
462	2009	5	  4.7	  8.5	 13.7	28	  1.9	 -3.4	9	NA	 48.3	 12.8	9	NA	5.4	NA	 5.4
462	2009	6	  8.5	 13.6	 21.5	30	  5.4	  0.1	20	NA	 39.8	 26.3	18	NA	6.0	NA	 2.9
462	2009	7	  9.6	 14.2	 22.2	1	  6.7	  1.0	24	NA	 39.5	 13.5	31	NA	5.9	NA	 3.6
462	2009	8	  8.9	 12.9	 18.1	7	  6.4	  1.1	22	NA	 91.6	 14.1	12	NA	6.9	NA	 2.5
462	2009	9	  6.3	 10.3	 19.2	13	  3.4	 -3.9	28	NA	 38.9	  9.7	8	NA	5.8	NA	 3.6
462	2009	10	  0.9	  3.3	 12.4	14	 -1.8	 -8.6	8	NA	 59.0	 10.0	25	NA	6.7	NA	 3.0
462	2009	11	 -1.0	  0.9	  8.0	9	 -2.9	-10.9	19	NA	 62.9	 14.3	4	NA	7.1	NA	 3.7
462	2009	12	 -2.8	  0.1	  9.4	12	 -5.8	-15.9	31	NA	 38.2	  5.4	5	NA	6.3	NA	 4.1
462	2010	1	 -1.4	  1.6	 10.2	25	 -4.5	-15.1	5	NA	  0.7	  0.3	4	NA	4.7	NA	 4.1
462	2010	2	 -5.7	 -3.0	  6.0	13	 -8.3	-17.0	24	NA	 36.8	  6.9	16	NA	6.1	NA	 3.1
462	2010	3	 -0.8	  1.7	  6.8	12	 -3.3	-14.6	1	NA	 31.4	  6.8	22	NA	6.9	NA	 5.0
462	2010	4	 -1.2	  2.2	  9.7	10	 -4.6	-13.6	23	NA	 23.5	  5.5	7	NA	5.5	NA	 4.6
462	2010	5	  4.7	  9.2	 15.3	22	  1.4	 -4.9	11	NA	 30.1	  8.2	15	NA	6.1	NA	 3.4
462	2010	6	 10.2	 15.5	 20.5	18	  6.2	  1.5	2	NA	  6.5	  3.0	2	NA	5.1	NA	 3.4
462	2010	7	 10.0	 14.9	 23.2	25	  7.9	  4.8	19	NA	 94.2	 16.8	11	NA	6.4	NA	 2.7
462	2010	8	  9.9	 14.1	 20.0	9	  7.7	  1.2	29	NA	101.0	 27.8	23	NA	6.8	NA	 2.9
462	2010	9	  8.1	 11.6	 20.0	4	  5.2	 -1.9	23	NA	 41.5	 33.1	15	NA	6.4	NA	 2.5
462	2010	10	  2.3	  5.6	 14.3	10	  0.3	-12.9	25	NA	 62.7	 15.7	6	NA	6.2	NA	 2.6
462	2010	11	 -3.1	 -0.8	  4.0	17	 -6.2	-12.1	15	NA	 40.6	 15.6	18	NA	6.0	NA	 3.9
462	2010	12	 -2.6	  1.0	  8.6	13	 -5.7	-20.0	23	NA	 17.8	  4.9	18	NA	5.7	NA	 5.3
462	2011	1	 -1.7	  1.2	  8.3	22	 -4.9	-13.8	7	NA	 25.3	  4.5	11	NA	6.4	NA	 5.7
462	2011	2	 -2.1	  0.8	  6.4	28	 -5.4	-13.2	8	NA	 28.4	  6.5	22	NA	5.9	NA	 4.5
462	2011	3	 -2.8	  0.3	  7.0	3	 -6.2	-14.9	10	NA	 30.3	  6.5	2	NA	6.2	NA	 6.4
462	2011	4	  3.0	  6.4	 12.7	9	  0.2	 -5.0	4	NA	 10.3	  7.6	4	NA	5.6	NA	 6.6
462	2011	5	  3.1	  6.8	 14.3	2	  0.5	 -3.8	25	NA	 73.4	 15.7	9	NA	6.7	NA	 4.5
462	2011	6	  4.4	  8.3	 14.2	11	  2.0	 -2.0	7	NA	 75.1	 15.7	14	NA	6.8	NA	 4.6
462	2011	7	 10.5	 15.5	 20.4	27	  7.1	  0.0	10	NA	 12.9	  5.8	15	NA	6.3	NA	 3.3
462	2011	8	  8.3	 12.8	 19.7	30	  5.5	  0.0	27	NA	 53.9	 13.1	15	NA	6.5	NA	 3.0
462	2011	9	  6.3	 10.2	 16.1	1	  3.6	 -3.9	10	NA	 93.9	 14.4	4	NA	6.6	NA	 2.6
462	2011	10	  1.8	  4.3	 12.3	13	 -0.8	 -7.7	8	NA	128.0	 27.2	6	NA	7.0	NA	 4.0
462	2011	11	  1.1	  3.7	 11.8	8	 -1.6	-15.2	30	NA	 39.4	 10.8	19	NA	5.2	NA	 3.7
462	2011	12	 -6.1	 -3.0	  5.1	22	 -9.6	-18.1	6	NA	 18.7	  7.5	12	NA	6.0	NA	 3.9
462	2012	1	 -1.2	  1.8	 11.0	29	 -4.6	 -9.9	2	NA	 53.6	 10.1	3	NA	6.2	NA	 4.7
462	2012	2	  0.4	  3.4	  9.7	6	 -2.7	-11.4	18	NA	 23.8	  6.3	24	NA	5.3	NA	 6.2
462	2012	3	  0.8	  4.7	 12.6	29	 -2.7	-14.7	18	NA	 24.8	  9.4	4	NA	5.6	NA	 6.7
462	2012	4	 -0.1	  4.1	  9.9	30	 -3.0	-14.1	3	NA	 14.9	  7.8	2	NA	6.2	NA	 2.9
462	2012	5	  3.6	  7.8	 18.1	28	 -0.1	 -6.9	16	NA	 13.8	  4.7	15	NA	4.9	NA	 5.1
462	2012	6	  7.3	 12.7	 20.7	23	  3.3	  0.0	11	NA	 21.7	  5.5	7	NA	5.1	NA	 3.3
462	2012	7	 10.2	 15.7	 20.5	29	  6.0	  1.5	1	NA	 40.1	 10.3	23	NA	5.6	NA	 2.8
462	2012	8	 10.4	 15.6	 22.0	15	  7.3	 -0.3	26	NA	 14.6	  4.5	28	NA	5.8	NA	 3.7
462	2012	9	  4.0	  7.2	 15.3	1	  1.4	 -2.7	30	NA	131.3	 38.6	4	NA	6.7	NA	 4.0
462	2012	10	 -0.4	  3.2	  9.1	10	 -2.5	-13.2	26	NA	 29.1	  9.1	4	NA	5.5	NA	 2.8
462	2012	11	 -2.9	 -0.3	  7.8	5	 -6.2	-12.1	29	NA	 49.9	  7.8	7	NA	6.8	NA	 5.6
462	2012	12	 -3.6	 -0.3	  4.9	20	 -6.4	-15.0	26	NA	 36.6	 11.3	30	NA	6.1	NA	 4.6
462	2013	1	 -0.9	  2.8	 10.2	5	 -3.9	-12.2	31	NA	 38.0	  6.6	4	NA	5.9	NA	 3.6
462	2013	2	  0.5	  3.4	  9.8	26	 -2.5	-11.6	6	NA	 25.5	  8.4	18	NA	6.2	NA	 5.5
462	2013	3	 -3.7	 -0.2	  8.3	1	 -6.1	-13.4	6	NA	 18.2	  3.7	6	NA	5.9	NA	 3.7
462	2013	4	 -3.1	  1.0	  5.9	2	 -6.1	-14.6	30	NA	 30.3	  8.5	24	NA	5.6	NA	 4.4
462	2013	5	  2.6	  5.7	 12.2	30	  0.1	-10.3	1	NA	 81.8	 13.5	27	NA	6.3	NA	 5.9
462	2013	6	  9.5	 14.5	 19.8	10	  6.2	  2.8	2	NA	 34.4	 15.7	20	NA	5.7	NA	 5.6
462	2013	7	 10.6	 15.7	 23.0	26	  7.4	  2.6	1	NA	 36.7	 12.6	19	NA	6.2	NA	 3.6
462	2013	8	NA	NA	NA	NA	NA	NA	NA	NA	 37.9	  9.7	4	NA	NA	NA	NA
462	2013	9	NA	NA	NA	NA	NA	NA	NA	NA	 64.9	 18.1	16	NA	NA	NA	NA
462	2013	10	NA	NA	NA	NA	NA	NA	NA	NA	 89.4	 20.4	24	NA	NA	NA	NA
462	2013	11	NA	NA	NA	NA	NA	NA	NA	NA	 36.4	  5.6	2	NA	NA	NA	NA
462	2013	12	NA	NA	NA	NA	NA	NA	NA	NA	 35.2	 11.3	24	NA	NA	NA	NA
462	2014	1	NA	NA	NA	NA	NA	NA	NA	NA	 57.0	 12.3	21	NA	NA	NA	NA
462	2014	2	NA	NA	NA	NA	NA	NA	NA	NA	 26.8	  5.2	8	NA	NA	NA	NA
462	2014	3	NA	NA	NA	NA	NA	NA	NA	NA	 65.6	  9.9	16	NA	NA	NA	NA
462	2014	4	NA	NA	NA	NA	NA	NA	NA	NA	 17.7	  7.3	12	NA	NA	NA	NA
462	2014	5	NA	NA	NA	NA	NA	NA	NA	NA	 19.4	  2.7	12	NA	NA	NA	NA
462	2014	6	NA	NA	NA	NA	NA	NA	NA	NA	 21.6	  9.7	18	NA	NA	NA	NA
462	2014	7	NA	NA	NA	NA	NA	NA	NA	NA	115.5	 37.2	5	NA	NA	NA	NA
462	2014	8	NA	NA	NA	NA	NA	NA	NA	NA	 80.9	 22.9	16	NA	NA	NA	NA
462	2014	9	NA	NA	NA	NA	NA	NA	NA	NA	 24.9	  7.9	27	NA	NA	NA	NA
462	2014	10	NA	NA	NA	NA	NA	NA	NA	NA	 60.9	 14.7	13	NA	NA	NA	NA
462	2014	11	NA	NA	NA	NA	NA	NA	NA	NA	 94.5	 24.0	7	NA	NA	NA	NA
462	2014	12	NA	NA	NA	NA	NA	NA	NA	NA	 59.4	 11.5	29	NA	NA	NA	NA
462	2015	1	NA	NA	NA	NA	NA	NA	NA	NA	 22.3	  3.9	26	NA	NA	NA	NA
462	2015	2	NA	NA	NA	NA	NA	NA	NA	NA	 15.8	  3.7	7	NA	NA	NA	NA
462	2015	3	NA	NA	NA	NA	NA	NA	NA	NA	 25.1	  9.2	16	NA	NA	NA	NA
462	2015	4	NA	NA	NA	NA	NA	NA	NA	NA	  7.7	  2.0	24	NA	NA	NA	NA
462	2015	5	NA	NA	NA	NA	NA	NA	NA	NA	 25.4	  8.5	28	NA	NA	NA	NA
462	2015	6	NA	NA	NA	NA	NA	NA	NA	NA	 11.0	  3.5	3	NA	NA	NA	NA
462	2015	7	NA	NA	NA	NA	NA	NA	NA	NA	 71.5	 14.4	14	NA	NA	NA	NA
462	2015	8	NA	NA	NA	NA	NA	NA	NA	NA	101.0	 22.2	27	NA	NA	NA	NA
462	2015	9	NA	NA	NA	NA	NA	NA	NA	NA	 60.6	 21.6	29	NA	NA	NA	NA
462	2015	10	NA	NA	NA	NA	NA	NA	NA	NA	 79.4	 24.0	24	NA	NA	NA	NA
462	2015	11	NA	NA	NA	NA	NA	NA	NA	NA	 36.4	  9.6	15	NA	NA	NA	NA
462	2015	12	NA	NA	NA	NA	NA	NA	NA	NA	 34.3	  9.5	22	NA	NA	NA	NA
462	2016	1	NA	NA	NA	NA	NA	NA	NA	NA	 12.6	  7.7	4	NA	NA	NA	NA
462	2016	2	NA	NA	NA	NA	NA	NA	NA	NA	 32.4	 10.7	5	NA	NA	NA	NA
462	2016	3	NA	NA	NA	NA	NA	NA	NA	NA	 15.3	  6.6	25	NA	NA	NA	NA
462	2016	4	NA	NA	NA	NA	NA	NA	NA	NA	 13.9	  5.5	3	NA	NA	NA	NA
462	2016	5	NA	NA	NA	NA	NA	NA	NA	NA	 14.7	  3.7	23	NA	NA	NA	NA
462	2016	6	NA	NA	NA	NA	NA	NA	NA	NA	 25.1	  6.4	27	NA	NA	NA	NA
462	2016	7	NA	NA	NA	NA	NA	NA	NA	NA	 90.3	 19.6	2	NA	NA	NA	NA
462	2016	8	NA	NA	NA	NA	NA	NA	NA	NA	 51.8	  9.9	27	NA	NA	NA	NA
462	2016	9	NA	NA	NA	NA	NA	NA	NA	NA	140.9	 44.1	25	NA	NA	NA	NA
462	2016	10	NA	NA	NA	NA	NA	NA	NA	NA	  3.0	  1.3	12	NA	NA	NA	NA
462	2016	11	NA	NA	NA	NA	NA	NA	NA	NA	 30.1	  5.7	12	NA	NA	NA	NA
462	2016	12	NA	NA	NA	NA	NA	NA	NA	NA	 34.8	  6.8	26	NA	NA	NA	NA
462	2017	1	NA	NA	NA	NA	NA	NA	NA	NA	 36.8	  7.3	9	NA	NA	NA	NA
462	2017	2	NA	NA	NA	NA	NA	NA	NA	NA	 48.3	 12.1	18	NA	NA	NA	NA
462	2017	3	NA	NA	NA	NA	NA	NA	NA	NA	 19.9	  5.1	31	NA	NA	NA	NA
462	2017	4	NA	NA	NA	NA	NA	NA	NA	NA	 34.2	  6.5	7	NA	NA	NA	NA
462	2017	5	NA	NA	NA	NA	NA	NA	NA	NA	 71.6	 26.6	31	NA	NA	NA	NA
462	2017	6	NA	NA	NA	NA	NA	NA	NA	NA	 77.9	 38.2	24	NA	NA	NA	NA
462	2017	7	NA	NA	NA	NA	NA	NA	NA	NA	 28.0	  6.9	14	NA	NA	NA	NA
462	2017	8	NA	NA	NA	NA	NA	NA	NA	NA	 43.2	 10.6	7	NA	NA	NA	NA
462	2017	9	NA	NA	NA	NA	NA	NA	NA	NA	 56.8	  9.9	29	NA	NA	NA	NA
462	2017	10	NA	NA	NA	NA	NA	NA	NA	NA	 71.8	 27.5	12	NA	NA	NA	NA
462	2017	11	NA	NA	NA	NA	NA	NA	NA	NA	 29.4	  7.4	12	NA	NA	NA	NA
462	2017	12	NA	NA	NA	NA	NA	NA	NA	NA	 25.7	  8.0	22	NA	NA	NA	NA
462	2018	1	NA	NA	NA	NA	NA	NA	NA	NA	 26.9	  6.7	13	NA	NA	NA	NA
462	2018	2	NA	NA	NA	NA	NA	NA	NA	NA	 31.9	  9.3	21	NA	NA	NA	NA
462	2018	3	NA	NA	NA	NA	NA	NA	NA	NA	 14.4	  3.1	22	NA	NA	NA	NA
462	2018	4	NA	NA	NA	NA	NA	NA	NA	NA	 25.1	  5.7	22	NA	NA	NA	NA
462	2018	5	NA	NA	NA	NA	NA	NA	NA	NA	 33.4	 17.3	10	NA	NA	NA	NA
462	2018	6	NA	NA	NA	NA	NA	NA	NA	NA	 56.8	 16.7	14	NA	NA	NA	NA
462	2018	7	NA	NA	NA	NA	NA	NA	NA	NA	102.9	 17.8	1	NA	NA	NA	NA
462	2018	8	NA	NA	NA	NA	NA	NA	NA	NA	 75.9	 12.4	8	NA	NA	NA	NA
462	2018	9	NA	NA	NA	NA	NA	NA	NA	NA	 83.2	 12.9	16	NA	NA	NA	NA
462	2018	10	NA	NA	NA	NA	NA	NA	NA	NA	 38.6	 13.3	5	NA	NA	NA	NA
462	2018	11	NA	NA	NA	NA	NA	NA	NA	NA	 68.3	 23.2	13	NA	NA	NA	NA
462	2018	12	NA	NA	NA	NA	NA	NA	NA	NA	 24.4	  4.0	8	NA	NA	NA	NA
462	2019	1	NA	NA	NA	NA	NA	NA	NA	NA	 40.3	 10.2	15	NA	NA	NA	NA
462	2019	2	NA	NA	NA	NA	NA	NA	NA	NA	 23.1	  5.1	12	NA	NA	NA	NA
462	2019	3	NA	NA	NA	NA	NA	NA	NA	NA	 35.0	 17.6	2	NA	NA	NA	NA
462	2019	4	NA	NA	NA	NA	NA	NA	NA	NA	  7.0	  1.6	28	NA	NA	NA	NA
462	2019	5	NA	NA	NA	NA	NA	NA	NA	NA	 12.2	  2.4	14	NA	NA	NA	NA
462	2019	6	NA	NA	NA	NA	NA	NA	NA	NA	 20.8	  4.4	18	NA	NA	NA	NA
462	2019	7	NA	NA	NA	NA	NA	NA	NA	NA	 87.8	 15.9	22	NA	NA	NA	NA
462	2019	8	NA	NA	NA	NA	NA	NA	NA	NA	 57.0	  7.0	12	NA	NA	NA	NA
462	2019	9	NA	NA	NA	NA	NA	NA	NA	NA	 43.0	 21.6	15	NA	NA	NA	NA
462	2019	10	NA	NA	NA	NA	NA	NA	NA	NA	 65.6	 44.0	11	NA	NA	NA	NA
462	2019	11	NA	NA	NA	NA	NA	NA	NA	NA	  6.3	  4.7	5	NA	NA	NA	NA
462	2019	12	NA	NA	NA	NA	NA	NA	NA	NA	 53.3	 10.5	28	NA	NA	NA	NA
462	2020	1	NA	NA	NA	NA	NA	NA	NA	NA	 50.0	  7.9	15	NA	NA	NA	NA
