#Mánaðarmeðaltöl fyrir stöð 479 - Mánárbakki
stöð	 ár	mán	  t	  tx	  txx	txxD1	  tn	 tnn	tnnD1	 rh	 r	 rx	rxD1	 p	 n	sun	 f
479	1956	8	  6.8	NA	NA	NA	NA	NA	NA	NA	 35.0	  9.3	13	NA	6.1	NA	 2.6
479	1956	9	  7.4	NA	NA	NA	NA	NA	NA	NA	 71.9	 34.1	21	NA	6.7	NA	 3.7
479	1956	10	  4.0	NA	NA	NA	NA	NA	NA	NA	 39.2	 11.8	18	NA	6.4	NA	 5.4
479	1956	11	  4.2	NA	NA	NA	NA	NA	NA	NA	 31.0	 10.6	26	NA	6.2	NA	 6.2
479	1956	12	  1.0	NA	NA	NA	NA	NA	NA	NA	 27.3	  3.6	7	NA	6.0	NA	 7.5
479	1957	1	  1.1	NA	NA	NA	NA	NA	NA	NA	 27.8	  6.2	21	NA	6.2	NA	 7.2
479	1957	2	 -2.5	NA	NA	NA	NA	NA	NA	NA	 33.7	  6.1	7	NA	7.3	NA	 6.9
479	1957	3	 -0.8	NA	NA	NA	NA	NA	NA	NA	 20.7	  4.6	5	NA	6.4	NA	 6.4
479	1957	4	  3.4	NA	NA	NA	NA	NA	NA	NA	 33.0	  7.5	3	NA	5.5	NA	 3.8
479	1957	5	  4.4	NA	NA	NA	NA	NA	NA	NA	 24.4	  5.6	2	NA	6.9	NA	 4.5
479	1957	6	  7.3	NA	NA	NA	NA	NA	NA	NA	  7.2	  2.9	30	NA	5.3	NA	 3.2
479	1957	7	  8.7	NA	NA	NA	NA	NA	NA	NA	 35.1	 13.5	30	NA	5.5	NA	 3.6
479	1957	8	  9.7	NA	NA	NA	NA	NA	NA	NA	 51.2	 16.8	18	NA	6.2	NA	 2.8
479	1957	9	  6.0	NA	NA	NA	NA	NA	NA	NA	 62.9	 10.5	6	NA	6.9	NA	 4.7
479	1957	10	  3.1	NA	NA	NA	NA	NA	NA	NA	 54.9	 15.0	27	NA	6.0	NA	 5.1
479	1957	11	  2.0	NA	NA	NA	NA	NA	NA	NA	 47.1	 20.7	25	NA	5.7	NA	 4.4
479	1957	12	 -1.2	NA	NA	NA	NA	NA	NA	NA	 47.2	  7.6	4	NA	5.9	NA	 5.3
479	1958	1	 -2.4	NA	NA	NA	NA	NA	NA	NA	 27.2	 12.0	28	NA	5.8	NA	 7.2
479	1958	2	 -4.1	NA	NA	NA	NA	NA	NA	NA	 28.0	  6.2	6	NA	6.1	NA	 4.7
479	1958	3	 -1.3	NA	NA	NA	NA	NA	NA	NA	 16.4	  3.6	12	NA	5.6	NA	 5.1
479	1958	4	  2.2	NA	NA	NA	NA	NA	NA	NA	 33.5	  5.6	20	NA	6.2	NA	 3.1
479	1958	5	  1.7	NA	NA	NA	NA	NA	NA	NA	  9.2	  2.5	15	NA	5.3	NA	 3.1
479	1958	6	  7.2	NA	NA	NA	NA	NA	NA	NA	 18.5	  5.7	30	NA	4.9	NA	 2.5
479	1958	7	  7.6	NA	NA	NA	NA	NA	NA	NA	 26.6	 15.1	26	NA	6.4	NA	 2.0
479	1958	8	  6.4	NA	NA	NA	NA	NA	NA	NA	134.3	 30.3	22	NA	7.6	NA	 3.4
479	1958	9	 10.0	NA	NA	NA	NA	NA	NA	NA	  9.6	  5.4	7	NA	6.0	NA	 2.6
479	1958	10	  5.0	NA	NA	NA	NA	NA	NA	NA	 78.1	 12.1	6	NA	6.6	NA	 4.2
479	1958	11	  3.2	NA	NA	NA	NA	NA	NA	NA	 57.0	 11.2	2	NA	5.9	NA	 4.8
479	1958	12	 -0.8	NA	NA	NA	NA	NA	NA	NA	 33.1	  4.6	9	NA	6.8	NA	 6.4
479	1959	1	 -3.9	NA	NA	NA	NA	NA	NA	NA	 19.4	  3.3	7	NA	6.7	NA	 6.1
479	1959	2	  1.1	NA	NA	NA	NA	NA	NA	NA	 54.5	 12.5	6	NA	6.3	NA	 6.6
479	1959	3	  2.6	NA	NA	NA	NA	NA	NA	NA	 20.1	 10.7	28	NA	5.4	NA	 3.8
479	1959	4	 -0.7	NA	NA	NA	NA	NA	NA	NA	 18.6	  4.4	9	NA	6.5	NA	 4.2
479	1959	5	  5.7	NA	NA	NA	NA	NA	NA	NA	  8.2	  2.2	1	NA	5.8	NA	 3.3
479	1959	6	  7.2	NA	NA	NA	NA	NA	NA	NA	 77.2	 17.3	9	NA	5.8	NA	 5.2
479	1959	7	  9.5	NA	NA	NA	NA	NA	NA	NA	 15.6	  5.5	23	NA	6.0	NA	 2.1
479	1959	8	  7.9	NA	NA	NA	NA	NA	NA	NA	101.6	 29.8	15	NA	7.4	NA	 3.3
479	1959	9	  8.7	NA	NA	NA	NA	NA	NA	NA	 33.0	 13.3	28	NA	5.9	NA	 3.4
479	1959	10	  6.9	NA	NA	NA	NA	NA	NA	NA	 64.6	 12.0	14	NA	5.6	NA	 3.7
479	1959	11	  0.8	NA	NA	NA	NA	NA	NA	NA	 65.0	  8.8	9	NA	6.8	NA	 6.7
479	1959	12	 -0.0	NA	NA	NA	NA	NA	NA	NA	 36.9	  8.7	30	NA	5.9	NA	 4.8
479	1960	1	 -0.1	NA	NA	NA	NA	NA	NA	NA	 11.8	  3.5	20	NA	5.3	NA	 3.9
479	1960	2	 -1.8	NA	NA	NA	NA	NA	NA	NA	 20.9	  6.8	3	NA	6.7	NA	 7.6
479	1960	3	  1.4	NA	NA	NA	NA	NA	NA	NA	 32.2	 10.2	28	NA	4.9	NA	 4.7
479	1960	4	  2.2	NA	NA	NA	NA	NA	NA	NA	 30.5	  5.3	25	NA	5.6	NA	 4.3
479	1960	5	  6.5	NA	NA	NA	NA	NA	NA	NA	 30.6	 13.6	20	NA	5.6	NA	 3.5
479	1960	6	  8.9	NA	NA	NA	NA	NA	NA	NA	 14.2	  4.5	8	NA	6.1	NA	 2.8
479	1960	7	  9.3	NA	NA	NA	NA	NA	NA	NA	 68.7	 10.6	28	NA	6.7	NA	 2.6
479	1960	8	  8.1	NA	NA	NA	NA	NA	NA	NA	 28.9	  8.0	6	NA	6.3	NA	 2.6
479	1960	9	  7.8	NA	NA	NA	NA	NA	NA	NA	 16.1	  3.9	6	NA	5.6	NA	 3.0
479	1960	10	  3.3	NA	NA	NA	NA	NA	NA	NA	 16.4	  7.3	28	NA	5.6	NA	 2.1
479	1960	11	  3.1	NA	NA	NA	NA	NA	NA	NA	 37.9	  6.0	20	NA	7.0	NA	 4.9
479	1960	12	 -0.3	NA	NA	NA	NA	NA	NA	NA	 26.5	  6.4	26	NA	5.8	NA	 6.8
479	1961	1	  0.5	NA	NA	NA	NA	NA	NA	NA	 32.5	 15.2	12	NA	5.1	NA	 5.1
479	1961	2	 -0.4	NA	NA	NA	NA	NA	NA	NA	 43.2	 15.7	24	NA	6.0	NA	 4.7
479	1961	3	 -1.2	NA	NA	NA	NA	NA	NA	NA	 24.1	  6.3	11	NA	6.3	NA	 6.4
479	1961	4	 -1.1	NA	NA	NA	NA	NA	NA	NA	 25.1	  9.9	21	NA	7.2	NA	 5.0
479	1961	5	  6.3	NA	NA	NA	NA	NA	NA	NA	 33.3	  5.5	3	NA	6.3	NA	 3.1
479	1961	6	  6.4	NA	NA	NA	NA	NA	NA	NA	108.5	 20.4	30	NA	5.6	NA	 3.9
479	1961	7	  8.8	NA	NA	NA	NA	NA	NA	NA	 36.7	 14.6	31	NA	6.4	NA	 2.6
479	1961	8	  9.2	NA	NA	NA	NA	NA	NA	NA	 72.4	 19.2	27	NA	6.5	NA	 2.9
479	1961	9	  7.9	NA	NA	NA	NA	NA	NA	NA	 54.6	 12.3	5	NA	6.1	NA	 5.4
479	1961	10	  5.2	NA	NA	NA	NA	NA	NA	NA	 64.5	 14.4	8	NA	6.7	NA	 5.0
479	1961	11	  2.0	NA	NA	NA	NA	NA	NA	NA	 60.6	 11.6	9	NA	6.6	NA	 7.1
479	1961	12	 -2.0	NA	NA	NA	NA	NA	NA	NA	 40.9	  8.1	12	NA	6.7	NA	 4.8
479	1962	1	  0.5	NA	NA	NA	 -2.0	 -9.6	19	NA	 51.1	 13.4	9	NA	6.2	NA	 6.3
479	1962	2	 -0.8	NA	NA	NA	 -4.4	 -9.9	13	NA	 12.3	  3.1	6	NA	5.4	NA	 6.8
479	1962	3	 -3.3	NA	NA	NA	 -5.7	-14.4	15	NA	 16.0	  3.9	12	NA	6.6	NA	 5.1
479	1962	4	  2.9	NA	NA	NA	 -0.2	 -9.8	2	NA	 11.7	  4.5	10	NA	6.2	NA	 4.1
479	1962	5	  4.5	NA	NA	NA	  2.2	 -2.4	6	NA	 12.0	  3.4	18	NA	6.1	NA	 3.4
479	1962	6	  7.0	NA	NA	NA	  4.8	  2.0	19	NA	 51.0	 14.5	16	NA	6.7	NA	 4.2
479	1962	7	  9.4	NA	NA	NA	  6.7	  3.1	1	NA	 17.9	  8.0	31	NA	5.7	NA	 2.6
479	1962	8	  7.5	NA	NA	NA	  6.2	  2.0	13	NA	 72.6	 16.3	26	NA	7.4	NA	 3.1
479	1962	9	  6.5	NA	NA	NA	  3.5	 -1.0	25	NA	 54.8	 15.7	26	NA	5.9	NA	 4.7
479	1962	10	  3.7	  6.7	 16.3	20	  1.5	 -8.2	29	NA	 35.5	  4.9	5	NA	7.0	NA	 4.7
479	1962	11	  0.9	  3.5	 11.2	10	 -2.0	-12.4	17	NA	 20.5	  4.0	6	NA	6.4	NA	 4.5
479	1962	12	 -0.5	  2.5	 11.2	22	 -3.4	-10.2	17	NA	 27.9	  8.2	20	NA	6.1	NA	 5.9
479	1963	1	 -1.8	  1.4	 10.0	28	 -5.6	-15.0	5	NA	 16.3	  9.1	29	NA	5.1	NA	 3.4
479	1963	2	 -1.2	  1.7	  8.1	28	 -4.0	-12.7	5	NA	 27.1	 14.0	27	NA	6.4	NA	 4.9
479	1963	3	  1.8	  4.4	 10.1	3	 -0.2	 -6.0	22	NA	 45.7	 15.8	18	NA	5.5	NA	 3.0
479	1963	4	  0.9	  4.1	 13.6	6	 -1.6	-13.4	11	NA	 37.2	  7.3	7	NA	6.8	NA	 5.2
479	1963	5	  2.9	  6.1	 15.4	30	  0.8	 -7.9	2	NA	108.1	 21.9	17	NA	6.7	NA	 4.7
479	1963	6	  8.6	 12.3	 21.7	3	  6.2	  3.1	1	NA	 26.9	  9.1	21	NA	5.6	NA	 1.8
479	1963	7	  7.3	 10.9	 19.9	30	  5.5	  2.2	25	NA	 89.0	 31.9	24	NA	7.0	NA	 3.7
479	1963	8	  6.9	 10.0	 20.3	4	  4.4	 -0.3	31	NA	 20.2	  6.9	13	NA	6.0	NA	 3.0
479	1963	9	  4.5	  7.6	 12.3	19	  2.3	 -2.5	29	NA	168.4	 65.2	9	NA	6.0	NA	 4.2
479	1963	10	  3.2	  6.4	 12.5	28	  0.8	 -4.2	12	NA	 44.7	 10.5	16	NA	5.9	NA	 4.0
479	1963	11	 -1.3	  0.7	  9.9	29	 -4.4	-12.2	23	NA	 31.0	  9.1	21	NA	7.0	NA	 6.3
479	1963	12	 -0.1	  2.5	  8.1	22	 -2.8	 -9.7	21	NA	 17.2	  4.8	26	NA	6.2	NA	 3.6
479	1964	1	  1.4	  4.8	 10.6	7	 -1.7	-13.9	31	NA	 13.4	  3.2	29	NA	4.9	NA	 5.6
479	1964	2	  1.5	  4.5	 10.5	8	 -1.4	-12.7	4	NA	 11.2	  3.3	4	NA	4.8	NA	 3.3
479	1964	3	  4.0	  8.0	 13.4	28	  1.3	 -4.3	25	NA	 24.7	 10.7	24	NA	5.0	NA	 3.1
479	1964	4	  1.9	  5.2	 10.1	2	 -0.4	 -4.6	18	NA	 56.8	 17.5	29	NA	5.8	NA	 3.5
479	1964	5	  5.2	  8.0	 18.6	23	  2.8	 -2.7	14	NA	 44.6	 12.9	8	NA	6.7	NA	 3.8
479	1964	6	  7.6	 10.7	 18.7	20	  4.9	  1.0	1	NA	 27.3	 12.5	28	NA	5.5	NA	 4.4
479	1964	7	  9.5	 12.9	 20.8	22	  7.1	  1.0	10	NA	 29.5	  5.3	27	NA	6.1	NA	 2.6
479	1964	8	  7.1	  9.7	 18.2	9	  4.8	  2.0	15	NA	152.0	 39.6	21	NA	6.9	NA	 4.4
479	1964	9	  4.5	  6.8	 17.8	1	  2.6	 -2.4	21	NA	 30.5	  6.7	22	NA	6.6	NA	 3.0
479	1964	10	  3.8	  7.3	 15.3	21	  0.9	 -6.8	24	NA	 74.8	 31.2	9	NA	5.8	NA	 3.0
479	1964	11	  0.8	  3.4	 13.0	2	 -2.3	-11.2	18	NA	 69.2	 16.5	20	NA	6.8	NA	 5.8
479	1964	12	 -1.8	  0.9	 10.7	21	 -5.0	-10.5	25	NA	 38.9	  8.1	2	NA	6.2	NA	 7.0
479	1965	1	 -1.8	  1.1	  8.8	26	 -4.2	-14.0	19	NA	 53.8	 11.3	24	NA	6.8	NA	 5.2
479	1965	2	  2.5	  5.7	 13.3	17	 -0.2	 -9.5	28	NA	 10.0	  4.9	11	NA	5.1	NA	 5.0
479	1965	3	 -4.8	 -1.4	  9.1	10	 -8.7	-16.8	24	NA	  7.6	  1.0	21	NA	6.2	NA	 3.3
479	1965	4	 -0.0	  3.8	 12.6	29	 -2.4	 -8.5	5	NA	 34.4	  7.0	15	NA	5.9	NA	 3.9
479	1965	5	  2.5	  6.9	 19.2	30	  0.3	 -3.4	4	NA	 17.5	 10.2	22	NA	6.3	NA	 2.6
479	1965	6	  6.3	  9.7	 19.2	12	  4.0	  1.0	20	NA	 44.7	 14.7	25	NA	5.6	NA	 3.2
479	1965	7	  8.5	 12.0	 20.3	16	  6.1	  1.0	9	NA	 25.7	 10.3	31	NA	6.3	NA	 2.0
479	1965	8	  8.4	 11.4	 19.0	18	  6.1	  1.3	26	NA	136.3	 25.7	27	NA	7.0	NA	 4.3
479	1965	9	  4.4	  6.3	 17.4	1	  2.5	  0.3	14	NA	 82.1	 13.4	13	NA	7.4	NA	 3.0
479	1965	10	  6.0	  9.1	 16.6	10	  3.2	 -5.0	30	NA	 70.3	 26.2	27	NA	6.1	NA	 3.7
479	1965	11	 -1.0	  1.4	 13.5	4	 -3.1	-11.8	30	NA	 21.4	  3.1	24	NA	5.7	NA	 5.0
479	1965	12	 -3.3	 -0.9	  7.1	15	 -6.7	-17.0	27	NA	 35.1	 12.5	15	NA	5.9	NA	 4.2
479	1966	1	 -2.8	  0.0	  7.3	7	 -5.6	-15.4	4	NA	 27.6	  6.1	5	NA	6.0	NA	 7.0
479	1966	2	 -3.7	 -1.6	  4.1	14	 -6.0	-12.5	12	NA	  8.4	  3.3	25	NA	5.8	NA	 5.7
479	1966	3	 -3.0	 -0.3	  7.5	18	 -5.8	-14.9	25	NA	 27.3	  5.6	5	NA	6.6	NA	 6.0
479	1966	4	  0.9	  4.0	  7.9	27	 -1.4	-11.3	2	NA	 18.7	  6.3	28	NA	5.5	NA	 3.4
479	1966	5	  2.9	  5.9	 14.6	28	  0.9	 -9.3	9	NA	 21.3	  5.1	7	NA	6.9	NA	 3.1
479	1966	6	  8.8	 12.1	 21.6	12	  6.4	  3.0	4	NA	 18.3	 14.1	19	NA	6.1	NA	 2.5
479	1966	7	  8.4	 11.2	 21.6	17	  6.8	  2.5	24	NA	 97.4	 30.5	25	NA	6.9	NA	 4.3
479	1966	8	  7.9	 10.6	 21.0	25	  5.5	  0.6	22	NA	 68.5	 28.0	4	NA	6.4	NA	 2.3
479	1966	9	  5.8	  8.8	 16.4	18	  3.6	 -1.0	15	NA	 38.1	 11.1	24	NA	6.3	NA	 4.7
479	1966	10	  1.8	  4.3	  9.9	29	 -0.3	 -6.3	6	NA	 38.4	  9.8	21	NA	6.5	NA	 3.8
479	1966	11	 -0.2	  3.1	 11.5	18	 -4.2	-11.8	17	NA	 62.7	 13.8	20	NA	6.7	NA	 6.7
479	1966	12	 -2.3	  0.2	  6.9	4	 -5.1	-12.3	25	NA	 83.3	 11.9	30	NA	6.8	NA	 7.4
479	1967	1	 -1.1	  2.1	 11.1	9	 -4.5	-13.4	19	NA	 16.9	  4.8	16	NA	5.6	NA	 5.3
479	1967	2	  0.6	  3.2	  8.6	10	 -1.6	 -9.0	27	NA	 23.2	  5.4	26	NA	6.1	NA	 7.7
479	1967	3	 -5.6	 -2.8	  6.8	18	 -9.1	-16.3	23	NA	 53.2	  7.3	17	NA	6.9	NA	 7.0
479	1967	4	 -0.1	  3.4	 12.9	12	 -3.1	-13.9	18	NA	 14.1	  2.6	16	NA	6.1	NA	 6.0
479	1967	5	  1.0	  3.8	 11.4	30	 -1.1	 -6.7	1	NA	 20.5	  7.1	26	NA	6.3	NA	 2.7
479	1967	6	  7.1	 10.8	 17.6	11	  4.1	 -0.5	1	NA	 59.6	 24.5	29	NA	6.1	NA	 3.4
479	1967	7	  6.5	  9.3	 17.0	15	  4.7	  1.8	25	NA	110.6	 22.9	27	NA	7.0	NA	 3.0
479	1967	8	  8.6	 11.6	 16.8	26	  6.0	  0.0	3	NA	 11.4	  3.9	31	NA	6.2	NA	 2.5
479	1967	9	  7.7	 11.1	 16.4	22	  5.1	  0.3	28	NA	 26.4	  7.0	24	NA	5.4	NA	 3.3
479	1967	10	  1.6	  3.5	  9.8	1	 -0.3	 -6.4	17	NA	100.2	 30.9	27	NA	7.0	NA	 6.4
479	1967	11	 -0.4	  2.9	 11.3	18	 -3.4	-12.3	29	NA	 24.3	  6.6	30	NA	5.8	NA	 7.5
479	1967	12	 -2.0	  0.5	  8.1	2	 -4.6	-11.4	8	NA	 81.0	 14.3	23	NA	6.8	NA	 6.6
479	1968	1	 -3.5	 -0.4	  6.2	19	 -6.8	-16.2	2	NA	 57.6	  8.9	31	NA	6.9	NA	 7.8
479	1968	2	 -3.3	  0.3	  9.6	28	 -7.0	-16.1	3	NA	 16.7	  3.2	12	NA	6.2	NA	 5.6
479	1968	3	 -4.9	 -1.2	 10.4	7	 -8.1	-17.4	31	NA	 38.3	 10.0	5	NA	6.9	NA	 7.4
479	1968	4	 -1.2	  2.7	 12.1	22	 -4.2	-18.5	6	NA	 19.7	 10.2	20	NA	5.6	NA	 3.8
479	1968	5	  1.4	  4.8	 15.0	30	 -1.8	-12.0	1	NA	 12.5	  3.2	11	NA	4.5	NA	 2.5
479	1968	6	  5.9	  9.1	 17.7	11	  3.5	 -0.2	7	NA	 65.8	 21.3	5	NA	6.5	NA	 3.5
479	1968	7	  9.1	 12.3	 21.0	19	  6.5	  1.5	8	NA	 47.2	 20.9	2	NA	5.7	NA	 1.4
479	1968	8	  8.9	 12.0	 19.4	1	  6.3	  1.3	14	NA	 38.0	  7.3	16	NA	6.4	NA	 3.7
479	1968	9	  7.4	 10.4	 17.4	9	  5.2	 -1.0	30	NA	 56.6	 21.1	30	NA	6.3	NA	 3.5
479	1968	10	  0.4	  2.2	  9.0	20	 -1.5	 -9.5	30	NA	 35.9	  7.6	16	NA	6.5	NA	 5.4
479	1968	11	  3.0	  5.3	 12.8	18	  0.3	-12.6	2	NA	 57.2	 13.7	23	NA	6.0	NA	 3.9
479	1968	12	 -1.0	  2.1	 11.8	7	 -4.2	-12.0	18	NA	 41.0	  7.1	31	NA	6.4	NA	 5.2
479	1969	1	 -3.0	 -1.0	  8.6	1	 -5.0	-15.4	15	NA	 44.0	  5.5	16	NA	7.4	NA	 7.6
479	1969	2	 -4.3	 -1.4	  7.6	28	 -8.4	-17.3	20	NA	 27.4	 10.5	11	NA	6.1	NA	 5.8
479	1969	3	 -4.3	 -0.8	 10.8	16	 -7.5	-22.9	10	NA	 35.5	 11.2	18	NA	6.2	NA	 4.8
479	1969	4	 -1.2	  2.3	 11.9	18	 -4.2	-12.7	6	NA	 10.0	  2.5	25	NA	6.2	NA	 5.2
479	1969	5	  2.9	  6.3	 16.5	25	  0.5	 -6.7	13	NA	  4.8	  2.4	1	NA	5.6	NA	 2.5
479	1969	6	  8.0	 12.2	 20.2	18	  5.1	  0.3	2	NA	 62.2	 14.5	20	NA	6.0	NA	 2.3
479	1969	7	  8.0	 11.6	 19.0	31	  5.3	  1.8	23	NA	 75.2	 16.6	17	NA	6.7	NA	 3.9
479	1969	8	 11.0	 14.8	 22.2	14	  8.3	  2.3	21	NA	 40.0	  6.3	12	NA	6.4	NA	 2.6
479	1969	9	  5.7	  8.7	 15.8	17	  3.3	 -3.0	28	NA	 57.5	 12.9	9	NA	6.6	NA	 3.4
479	1969	10	  2.5	  5.2	 10.3	22	  0.1	 -8.0	1	NA	121.2	 19.8	8	NA	6.2	NA	 5.1
479	1969	11	 -1.7	  0.7	  8.0	30	 -5.4	-11.4	22	NA	 48.0	  8.3	20	NA	6.2	NA	 7.2
479	1969	12	 -0.9	  2.0	  9.0	27	 -4.7	-16.6	11	NA	 20.6	  7.9	7	NA	6.1	NA	 4.9
479	1970	1	 -0.6	  1.9	  9.1	21	 -3.1	-18.5	9	NA	 36.9	  6.5	10	NA	5.9	NA	 5.7
479	1970	2	 -3.3	 -1.1	  6.4	28	 -6.2	-12.3	15	NA	 21.5	  4.9	21	NA	6.4	NA	 6.5
479	1970	3	 -4.1	 -1.9	  7.8	24	 -7.1	-12.9	22	NA	 35.3	  5.9	6	NA	7.0	NA	 6.7
479	1970	4	 -0.6	  1.7	  7.6	30	 -3.4	 -8.0	8	NA	 23.7	  5.3	5	NA	6.3	NA	 3.4
479	1970	5	  3.2	  7.1	 12.3	7	  1.2	 -4.3	3	NA	 35.0	 18.3	2	NA	7.0	NA	 3.3
479	1970	6	  8.8	 13.6	 23.7	22	  5.5	  0.6	5	NA	 11.4	  5.9	25	NA	5.3	NA	 2.9
479	1970	7	  6.0	  8.8	 19.5	16	  4.5	  2.1	25	NA	100.5	 29.1	10	NA	6.8	NA	 3.6
479	1970	8	  8.2	 11.7	 19.5	7	  5.7	  0.3	10	NA	 48.8	 15.0	13	NA	6.0	NA	 2.7
479	1970	9	  6.0	  9.1	 15.6	23	  3.3	 -1.0	15	NA	127.1	 42.3	1	NA	6.0	NA	 4.3
479	1970	10	  2.9	  5.4	 14.2	14	  0.8	 -8.6	29	NA	 75.7	 18.7	9	NA	6.9	NA	 6.0
479	1970	11	 -0.1	  2.3	 12.8	27	 -3.0	 -8.0	2	NA	 52.1	 14.4	21	NA	6.4	NA	 5.8
479	1970	12	  0.5	  4.4	 12.9	10	 -2.3	-11.3	20	NA	 60.5	 13.0	11	NA	6.0	NA	 6.1
479	1971	1	 -4.7	 -2.0	  8.2	13	 -7.9	-19.0	30	NA	 37.2	  6.7	20	NA	6.7	NA	 5.8
479	1971	2	 -0.9	  2.4	  8.4	26	 -4.4	-12.8	19	NA	 76.9	 18.7	15	NA	6.7	NA	 6.9
479	1971	3	 -1.1	  1.4	  9.5	6	 -3.9	-12.1	9	NA	 29.7	  6.9	25	NA	6.9	NA	 5.1
479	1971	4	  0.2	  3.1	  8.6	13	 -2.5	-12.5	7	NA	 26.1	  8.4	1	NA	6.9	NA	 5.0
479	1971	5	  4.5	  8.2	 13.8	30	  1.8	 -1.1	16	NA	 30.6	  9.5	26	NA	6.4	NA	 2.9
479	1971	6	  6.1	  8.6	 15.1	4	  3.5	  0.4	17	NA	 41.0	 12.4	30	NA	4.9	NA	 3.0
479	1971	7	  8.2	 11.4	 16.7	6	  5.8	  3.1	17	NA	 52.0	 14.5	1	NA	6.0	NA	 1.9
479	1971	8	  8.4	 11.1	 19.0	22	  6.1	  2.4	31	NA	 63.1	 32.9	27	NA	5.8	NA	 5.0
479	1971	9	  6.1	  9.3	 18.1	15	  3.3	 -3.5	23	NA	 62.0	 12.6	21	NA	6.5	NA	 3.4
479	1971	10	  3.1	  5.8	 15.2	26	  0.5	 -6.8	13	NA	 42.7	  8.0	7	NA	6.5	NA	 4.4
479	1971	11	 -0.5	  2.3	 12.7	10	 -3.7	-10.0	19	NA	 48.7	  9.7	13	NA	6.8	NA	 5.9
479	1971	12	 -1.5	  1.6	  9.0	31	 -5.0	-15.9	2	NA	 46.5	 11.8	20	NA	5.6	NA	 6.4
479	1972	1	  2.3	  4.8	 10.2	29	 -0.2	 -8.8	27	NA	 44.1	 21.7	24	NA	5.7	NA	 6.3
479	1972	2	  0.8	  3.3	 10.0	23	 -1.8	-15.3	16	NA	 18.6	  6.3	13	NA	6.2	NA	 5.4
479	1972	3	  0.9	  3.8	 10.6	10	 -1.5	-10.6	22	NA	 40.0	 15.4	19	NA	6.5	NA	 5.9
479	1972	4	  1.2	  4.1	 15.8	24	 -1.2	-12.3	9	NA	 32.1	 14.4	2	NA	7.0	NA	 4.9
479	1972	5	  5.9	  9.1	 13.5	22	  3.2	 -3.0	1	NA	 14.1	  7.2	27	NA	6.2	NA	 4.5
479	1972	6	  7.0	  9.9	 16.5	30	  5.0	  2.0	18	NA	 90.1	 23.7	24	NA	6.5	NA	 3.6
479	1972	7	  9.9	 13.0	 22.0	27	  7.8	  4.5	4	NA	 40.9	 12.9	3	NA	6.5	NA	 2.6
479	1972	8	  9.0	 12.3	 20.5	28	  6.3	  0.7	10	NA	 84.5	 31.5	5	NA	6.4	NA	 4.0
479	1972	9	  7.2	 10.4	 19.2	17	  4.5	  0.9	12	NA	111.9	 48.8	10	NA	6.3	NA	 4.5
479	1972	10	  3.5	  6.7	 13.8	15	  0.7	 -6.0	11	NA	106.4	 37.1	28	NA	5.8	NA	 5.2
479	1972	11	  0.2	  2.1	  9.4	26	 -2.0	-10.7	22	NA	 75.0	 24.7	28	NA	6.8	NA	 8.1
479	1972	12	  0.6	  3.2	  9.9	19	 -1.9	 -8.9	11	NA	 72.0	 17.5	26	NA	6.4	NA	 7.8
479	1973	1	  2.0	  4.6	 11.8	10	 -1.0	 -6.9	27	NA	 39.9	  8.4	5	NA	5.9	NA	 4.9
479	1973	2	 -4.4	 -1.1	  7.2	3	 -7.9	-15.5	25	NA	 43.7	  6.1	14	NA	6.7	NA	 8.3
479	1973	3	  0.8	  3.6	  9.0	21	 -2.5	-11.9	25	NA	 26.2	  4.2	9	NA	6.3	NA	 5.4
479	1973	4	  0.5	  3.6	 12.7	23	 -2.0	-13.5	2	NA	 19.4	  5.7	5	NA	6.7	NA	 4.7
479	1973	5	  3.5	  6.3	 13.8	26	  1.0	 -3.7	11	NA	 27.0	 14.0	9	NA	5.8	NA	 4.4
479	1973	6	  5.9	  8.8	 18.2	16	  3.9	 -1.2	11	NA	 56.5	 24.2	3	NA	6.8	NA	 3.5
479	1973	7	  9.2	 12.1	 23.0	26	  6.3	  3.0	18	NA	 24.8	  9.9	1	NA	5.5	NA	 2.3
479	1973	8	  9.1	 12.6	 19.5	24	  6.6	  1.7	12	NA	 95.8	 36.2	6	NA	6.1	NA	 3.4
479	1973	9	  7.6	 10.7	 17.5	13	  5.2	  0.8	9	NA	 71.4	 16.7	8	NA	6.1	NA	 3.0
479	1973	10	  3.3	  6.5	 18.8	1	  0.6	 -9.2	18	NA	 45.2	 22.3	8	NA	5.8	NA	 3.8
479	1973	11	 -4.0	 -1.3	  6.4	1	 -7.6	-16.7	23	NA	 90.0	 13.7	8	NA	6.4	NA	 5.8
479	1973	12	 -4.7	 -1.1	 12.2	2	 -8.1	-14.6	18	NA	 35.6	  5.8	13	NA	6.9	NA	 7.5
479	1974	1	  0.5	  2.6	  7.4	20	 -1.9	 -7.4	17	NA	 58.2	 14.6	18	NA	6.1	NA	 7.0
479	1974	2	 -0.7	  1.4	 10.0	26	 -3.3	-14.9	16	NA	 30.9	  7.0	21	NA	6.8	NA	 9.1
479	1974	3	  3.1	  5.9	 11.4	31	  0.6	 -5.3	2	NA	  2.3	  1.2	31	NA	5.5	NA	 5.2
479	1974	4	  5.8	  9.9	 16.5	24	  2.0	 -5.9	8	NA	 19.9	  6.1	9	NA	5.7	NA	 4.0
479	1974	5	  6.3	  9.8	 16.6	24	  3.3	 -1.6	27	NA	 23.0	  7.3	23	NA	5.8	NA	 4.2
479	1974	6	  8.2	 11.5	 19.5	23	  5.6	  1.9	11	NA	 49.1	 19.0	3	NA	6.3	NA	 3.1
479	1974	7	  8.6	 11.2	 20.5	18	  6.3	  3.6	7	NA	122.7	 41.7	23	NA	6.2	NA	 4.3
479	1974	8	  8.0	 10.5	 19.3	9	  5.6	  0.6	28	NA	 68.9	 27.0	26	NA	6.3	NA	 3.5
479	1974	9	  4.9	  7.4	 15.8	1	  2.8	 -4.1	30	NA	 91.4	 23.2	5	NA	6.6	NA	 5.5
479	1974	10	  3.2	  6.4	 13.5	23	  0.6	 -4.2	28	NA	 54.2	 14.6	24	NA	5.3	NA	 3.1
479	1974	11	  1.7	  3.6	 10.8	5	 -0.3	 -5.7	17	NA	 71.1	 10.2	28	NA	5.7	NA	 4.8
479	1974	12	 -3.3	 -0.3	  7.2	30	 -6.4	-14.2	22	NA	 31.7	  7.0	29	NA	6.4	NA	 9.1
479	1975	1	 -4.1	 -1.4	  6.7	1	 -7.2	-14.2	11	NA	 32.3	 11.6	4	NA	6.3	NA	 7.8
479	1975	2	  0.8	  3.5	  8.2	3	 -1.6	-12.4	14	NA	 18.7	 10.5	17	NA	5.8	NA	 6.0
479	1975	3	 -2.0	  1.1	  9.2	12	 -4.9	-12.5	15	NA	 22.1	  4.5	23	NA	6.6	NA	 6.9
479	1975	4	 -0.1	  2.7	 11.6	24	 -2.9	-13.7	13	NA	 18.4	  4.7	1	NA	6.0	NA	 4.7
479	1975	5	  4.5	  7.8	 17.2	26	  1.2	 -9.9	12	NA	 11.3	  3.8	9	NA	5.7	NA	 3.3
479	1975	6	  5.4	  8.9	 19.2	27	  2.5	 -3.4	4	NA	 50.4	 11.4	28	NA	6.5	NA	 3.3
479	1975	7	  9.7	 12.9	 18.9	7	  6.5	  1.5	30	NA	 49.8	 16.8	23	NA	5.7	NA	 2.2
479	1975	8	 10.1	 13.4	 20.5	22	  7.2	  2.9	21	NA	 11.1	  2.9	28	NA	5.9	NA	 2.4
479	1975	9	  3.7	  6.8	 14.0	3	  1.3	 -5.5	30	NA	 55.0	  6.6	23	NA	6.1	NA	 4.7
479	1975	10	  4.2	  6.6	 17.0	11	  1.4	 -6.0	31	NA	 77.2	 13.6	2	NA	6.3	NA	 2.9
479	1975	11	  1.5	  4.5	 16.4	8	 -1.5	 -6.8	20	NA	 58.1	 15.0	14	NA	6.5	NA	 6.1
479	1975	12	 -2.4	  2.5	 10.0	14	 -5.8	-14.8	29	NA	 71.1	  9.5	26	NA	6.9	NA	 7.6
479	1976	1	 -3.5	 -1.3	  8.7	31	 -7.2	-18.4	1	NA	 27.7	  7.4	18	NA	6.5	NA	 6.9
479	1976	2	 -0.2	  3.3	  7.8	5	 -2.8	-10.5	12	NA	 26.4	  6.4	22	NA	5.6	NA	 7.1
479	1976	3	  1.3	  3.8	  9.8	23	 -1.5	-11.4	1	NA	 18.5	  5.0	29	NA	5.2	NA	 6.8
479	1976	4	  1.2	  4.5	 15.6	21	 -2.0	-11.3	2	NA	 27.0	  7.7	6	NA	6.9	NA	 5.1
479	1976	5	  4.1	  7.7	 19.5	26	  1.2	-10.5	5	NA	 45.8	  9.7	11	NA	5.9	NA	 4.9
479	1976	6	  8.3	 11.8	 18.0	16	  5.2	  0.1	1	NA	 47.7	 20.5	11	NA	5.5	NA	 3.0
479	1976	7	 10.8	 14.4	 24.8	6	  8.1	  4.9	30	NA	 41.7	  9.9	17	NA	6.1	NA	 2.9
479	1976	8	 11.3	 15.1	 23.6	28	  7.8	  0.3	30	NA	 35.2	 11.7	15	NA	5.5	NA	 3.6
479	1976	9	  7.3	 10.7	 17.2	14	  4.2	 -0.9	9	NA	  4.8	  2.5	27	NA	4.8	NA	 2.1
479	1976	10	  4.9	  7.3	 12.7	4	  2.8	 -0.7	19	NA	 54.9	 19.3	7	NA	6.1	NA	 5.3
479	1976	11	  2.4	  4.6	 12.8	19	 -0.1	 -9.6	22	NA	 36.2	  6.3	16	NA	6.9	NA	 7.9
479	1976	12	 -1.4	  1.1	  8.8	15	 -3.9	-10.5	31	NA	 52.3	 18.7	1	NA	5.1	NA	 6.2
479	1977	1	 -1.5	  0.3	 10.0	3	 -4.2	-16.7	1	NA	 29.2	  7.6	31	NA	7.0	NA	 8.9
479	1977	2	 -2.0	  0.2	  4.0	19	 -4.6	 -9.3	4	NA	 19.9	 12.1	3	NA	5.0	NA	 4.0
479	1977	3	 -0.5	  1.7	  7.5	22	 -2.7	-11.0	27	NA	 64.9	 13.2	4	NA	6.7	NA	 6.0
479	1977	4	 -1.3	  0.9	  8.0	9	 -3.7	-15.2	17	NA	 35.6	 19.2	13	NA	6.4	NA	 6.5
479	1977	5	  4.9	  7.6	 15.6	23	  1.7	 -5.1	1	NA	  2.3	  2.1	20	NA	5.4	NA	 2.9
479	1977	6	  7.2	 10.5	 17.5	23	  4.8	 -0.5	8	NA	 51.1	 15.5	25	NA	6.6	NA	 3.2
479	1977	7	  9.0	 12.6	 17.5	9	  6.8	  3.2	6	NA	 63.3	 20.9	3	NA	6.7	NA	 2.9
479	1977	8	  8.9	 12.3	 23.0	13	  6.0	  0.8	31	NA	 71.8	 17.0	28	NA	5.4	NA	 4.4
479	1977	9	  6.7	  9.9	 17.2	20	  3.6	 -1.9	11	NA	 55.9	 16.6	4	NA	5.3	NA	 3.9
479	1977	10	  3.3	  5.6	 12.0	19	  1.4	 -2.9	29	NA	 97.8	 17.1	2	NA	6.8	NA	 5.0
479	1977	11	 -1.1	  1.1	  9.6	27	 -3.9	-11.8	24	NA	 37.6	  6.7	7	NA	7.0	NA	 6.7
479	1977	12	 -0.1	  2.9	  8.7	5	 -2.8	-13.5	19	NA	 33.0	  7.4	18	NA	6.2	NA	 6.1
479	1978	1	 -2.6	  0.0	  9.0	13	 -5.9	-15.6	28	NA	 29.3	  6.9	25	NA	6.4	NA	 7.4
479	1978	2	 -3.5	 -1.5	  2.8	7	 -5.7	-11.5	16	NA	 20.2	  4.4	10	NA	6.7	NA	 5.8
479	1978	3	 -1.0	  1.0	  8.2	18	 -3.9	-13.2	5	NA	 39.1	 16.9	3	NA	6.6	NA	 7.6
479	1978	4	  2.0	  5.2	 11.5	17	 -0.9	-10.0	12	NA	  4.3	  1.4	15	NA	5.5	NA	 4.2
479	1978	5	  5.8	  9.6	 16.6	9	  2.4	 -5.7	4	NA	 40.5	 15.8	30	NA	6.1	NA	 4.2
479	1978	6	  7.3	 10.6	 20.9	14	  4.1	  0.9	3	NA	 40.7	 13.3	8	NA	5.9	NA	 4.7
479	1978	7	  8.5	 11.2	 16.5	9	  6.5	  3.0	3	NA	 65.5	 11.5	27	NA	6.6	NA	 3.2
479	1978	8	 10.7	 14.2	 21.5	12	  8.0	  1.0	29	NA	 22.4	  3.9	28	NA	5.9	NA	 2.9
479	1978	9	  5.8	  9.0	 16.4	4	  3.4	 -2.1	18	NA	 56.9	 15.2	29	NA	6.3	NA	 4.7
479	1978	10	  3.5	  6.7	 16.5	26	  0.5	 -4.4	20	NA	 56.5	 13.5	2	NA	6.1	NA	 6.2
479	1978	11	 -0.5	  2.4	 12.2	29	 -3.5	-12.2	27	NA	 32.9	  9.2	16	NA	5.8	NA	 5.5
479	1978	12	  0.1	  2.0	  7.2	18	 -2.7	-10.9	16	NA	  7.2	  2.9	20	NA	6.4	NA	 4.1
479	1979	1	 -4.3	 -1.7	  6.0	17	 -7.3	-18.0	12	NA	 29.5	  6.3	16	NA	6.4	NA	 8.4
479	1979	2	 -1.4	  1.6	 10.0	24	 -4.8	-15.0	7	NA	 28.5	  9.5	4	NA	6.4	NA	 6.0
479	1979	3	 -5.7	 -3.0	  3.4	30	 -8.9	-16.2	24	NA	 33.8	  3.5	13	NA	5.9	NA	 5.4
479	1979	4	 -0.9	  1.6	  8.7	18	 -3.0	 -7.4	7	NA	 64.1	 31.8	21	NA	7.0	NA	 5.2
479	1979	5	 -1.4	  0.2	 10.6	31	 -3.5	-12.1	19	NA	 22.6	  6.9	24	NA	6.6	NA	 5.3
479	1979	6	  6.9	 10.6	 16.7	9	  4.4	 -0.4	15	NA	 25.8	  8.5	23	NA	6.7	NA	 2.9
479	1979	7	  6.3	  9.2	 14.1	8	  4.4	  0.8	3	NA	 54.1	  9.5	14	NA	6.9	NA	 3.2
479	1979	8	  7.2	  9.7	 18.0	13	  5.0	  2.3	30	NA	 82.5	 33.9	8	NA	6.6	NA	 2.9
479	1979	9	  2.9	  4.9	  9.2	30	  0.9	 -4.1	15	NA	140.6	 22.4	7	NA	6.9	NA	 5.6
479	1979	10	  3.9	  6.5	 13.6	1	  1.6	 -8.4	21	NA	 31.9	 12.0	19	NA	6.5	NA	 5.3
479	1979	11	 -0.2	  1.4	  7.5	20	 -2.7	 -8.0	11	NA	 64.1	 17.0	8	NA	6.8	NA	 6.7
479	1979	12	 -0.6	  1.9	 11.7	20	 -3.2	 -9.7	7	NA	 29.5	  7.5	4	NA	6.0	NA	 6.4
479	1980	1	 -1.8	  1.1	  9.6	12	 -4.5	-12.7	1	NA	 36.3	 11.1	5	NA	5.5	NA	 5.8
479	1980	2	 -0.1	  2.5	 10.5	23	 -2.9	-14.0	4	NA	 12.6	  3.5	27	NA	6.2	NA	 6.3
479	1980	3	 -0.0	  2.6	  9.3	19	 -2.7	-11.0	2	NA	 30.9	 10.9	28	NA	6.1	NA	 5.0
479	1980	4	  2.8	  6.9	 13.9	30	 -0.5	 -8.6	3	NA	 13.8	  3.9	19	NA	6.0	NA	 6.2
479	1980	5	  6.3	  9.6	 20.6	18	  3.1	 -5.8	9	NA	 11.5	  2.0	31	NA	5.6	NA	 3.5
479	1980	6	  7.4	  9.7	 16.1	18	  5.2	  1.0	1	NA	 85.0	 26.4	21	NA	5.9	NA	 2.6
479	1980	7	  9.8	 12.9	 23.0	31	  7.1	  3.0	13	NA	 54.7	 15.6	25	NA	5.8	NA	 3.3
479	1980	8	  9.7	 12.9	 24.1	1	  7.2	  2.7	27	NA	 21.0	  9.8	12	NA	5.8	NA	 3.4
479	1980	9	  6.7	  9.4	 17.9	1	  4.2	 -1.9	19	NA	 54.9	 11.0	6	NA	6.3	NA	 3.9
479	1980	10	  0.5	  2.5	 11.1	31	 -1.7	 -7.0	12	NA	 20.2	  4.0	9	NA	6.7	NA	 5.8
479	1980	11	 -0.0	  3.2	 11.0	5	 -3.2	-14.0	24	NA	 30.9	  8.2	28	NA	5.9	NA	 7.1
479	1980	12	 -3.2	 -0.3	 10.2	4	 -6.2	-15.0	19	NA	 47.1	  6.8	26	NA	7.0	NA	 8.7
479	1981	1	 -3.4	  0.1	 12.2	27	 -7.2	-17.2	16	NA	 33.3	  5.9	28	NA	6.5	NA	 7.7
479	1981	2	 -3.0	  0.7	  6.1	26	 -6.7	-16.7	5	NA	 25.4	  5.2	2	NA	5.4	NA	 6.7
479	1981	3	 -2.5	 -0.9	  7.6	31	 -4.9	 -9.9	20	NA	 48.5	 16.5	17	NA	7.0	NA	 8.9
479	1981	4	  1.9	  5.8	 14.9	18	 -1.2	 -7.0	24	NA	 18.0	  7.8	1	NA	5.1	NA	 4.0
479	1981	5	  2.6	  5.9	 13.5	15	 -0.1	-10.6	9	NA	 17.9	  9.5	24	NA	6.1	NA	 3.4
479	1981	6	  5.8	  8.4	 15.5	21	  3.1	 -3.1	9	NA	 38.0	  9.3	15	NA	6.3	NA	 2.7
479	1981	7	  7.5	 10.3	 19.5	24	  5.3	  2.0	5	NA	 92.9	 21.5	16	NA	6.5	NA	 3.2
479	1981	8	  9.8	 13.6	 21.6	27	  6.6	  0.0	20	NA	 54.4	 12.1	29	NA	6.4	NA	 2.5
479	1981	9	  5.6	  7.9	 19.6	1	  3.4	 -2.0	29	NA	138.4	 34.8	11	NA	6.9	NA	 5.8
479	1981	10	  0.2	  1.6	  7.8	22	 -1.9	 -8.0	16	NA	 53.2	 11.7	19	NA	7.1	NA	 7.3
479	1981	11	 -0.9	  1.8	 11.3	8	 -3.8	-10.2	25	NA	 49.7	 11.5	15	NA	6.1	NA	 6.8
479	1981	12	 -2.6	 -0.2	 11.8	2	 -5.5	-14.2	22	NA	 36.9	 11.6	3	NA	6.9	NA	 8.3
479	1982	1	 -2.1	  0.4	  6.6	12	 -5.2	-13.0	8	NA	 34.1	  6.1	16	NA	7.0	NA	 5.8
479	1982	2	  0.8	  3.0	  8.2	18	 -1.7	 -9.7	15	NA	 38.1	  7.3	25	NA	6.4	NA	 7.0
479	1982	3	 -0.6	  2.2	  9.8	30	 -4.0	-11.5	2	NA	 33.0	 14.8	14	NA	5.5	NA	 6.0
479	1982	4	  1.6	  5.0	 12.0	18	 -1.1	 -8.2	8	NA	 11.3	  3.1	28	NA	6.4	NA	 4.0
479	1982	5	  1.9	  4.4	 13.8	18	 -0.2	 -7.0	3	NA	 24.9	  4.8	15	NA	6.7	NA	 5.2
479	1982	6	  6.8	 10.0	 15.6	6	  3.6	 -1.2	13	NA	  7.5	  3.7	1	NA	4.8	NA	 3.0
479	1982	7	  9.8	 13.4	 21.6	16	  7.3	  2.4	12	NA	 39.8	 13.5	8	NA	6.3	NA	 3.1
479	1982	8	  8.0	 10.6	 18.5	7	  5.3	  0.7	28	NA	118.3	 55.9	10	NA	6.3	NA	 4.1
479	1982	9	  4.2	  6.7	 10.5	1	  2.1	 -4.0	22	NA	 44.7	 10.9	27	NA	6.3	NA	 4.6
479	1982	10	  3.4	  5.7	 10.7	3	  1.1	 -4.3	26	NA	128.6	 29.3	25	NA	6.5	NA	 3.6
479	1982	11	 -0.5	  1.8	  8.8	5	 -3.1	-10.7	26	NA	 73.2	 34.3	13	NA	5.9	NA	 6.9
479	1982	12	 -1.8	  0.8	 10.2	29	 -5.2	-12.5	18	NA	 56.8	 17.9	26	NA	6.3	NA	 7.4
479	1983	1	 -2.7	  0.0	  9.8	23	 -5.7	-13.7	17	NA	 97.9	 19.2	22	NA	5.8	NA	 8.7
479	1983	2	  1.0	  4.7	 11.0	26	 -2.2	-11.6	3	NA	 14.2	  4.1	19	NA	6.0	NA	 7.4
479	1983	3	 -2.3	  0.6	 10.8	1	 -5.1	-12.7	26	NA	 40.0	  6.9	13	NA	6.8	NA	 6.8
479	1983	4	 -2.5	 -0.1	  7.5	12	 -5.3	-15.5	9	NA	 52.0	  9.4	21	NA	6.6	NA	 6.2
479	1983	5	  1.8	  3.7	  9.4	28	  0.2	 -2.6	8	NA	 22.7	  6.7	11	NA	7.0	NA	 2.8
479	1983	6	  6.9	 10.4	 19.2	24	  3.9	 -3.1	2	NA	 57.3	  9.3	28	NA	6.1	NA	 3.1
479	1983	7	  8.9	 12.4	 17.7	8	  6.2	  1.8	19	NA	 53.8	 13.9	4	NA	6.4	NA	 3.5
479	1983	8	  8.8	 11.9	 16.4	6	  6.3	  2.0	23	NA	 94.7	 31.4	15	NA	6.5	NA	 2.7
479	1983	9	  4.4	  7.3	 12.3	24	  1.6	 -3.6	28	NA	 69.7	 35.7	20	NA	5.2	NA	 3.8
479	1983	10	  1.8	  4.1	  8.4	21	 -1.0	 -7.0	20	NA	 99.9	 14.9	7	NA	6.6	NA	 8.0
479	1983	11	  0.1	  3.1	 10.6	13	 -2.8	-11.0	8	NA	 44.5	  9.9	5	NA	6.5	NA	 6.1
479	1983	12	 -1.4	  1.5	 10.2	1	 -4.2	-13.7	24	NA	 34.0	  7.2	7	NA	6.4	NA	 7.4
479	1984	1	 -3.2	 -0.4	  7.2	9	 -6.8	-12.9	16	NA	 30.0	  3.8	21	NA	6.1	NA	 6.7
479	1984	2	  0.3	  3.2	 10.5	24	 -2.9	-10.5	6	NA	 31.6	 10.0	28	NA	6.3	NA	 7.3
479	1984	3	  0.1	  3.2	  9.9	8	 -3.0	-12.2	2	NA	 19.8	  4.4	26	NA	5.8	NA	 5.1
479	1984	4	  3.5	  6.5	 18.6	26	  0.7	 -6.6	17	NA	 30.9	  6.2	6	NA	6.0	NA	 5.9
479	1984	5	  5.4	  9.3	 17.6	22	  2.2	 -3.1	6	NA	 44.7	 17.5	20	NA	6.7	NA	 2.9
479	1984	6	  8.3	 12.1	 22.9	5	  5.7	  1.9	22	NA	 27.4	  9.8	25	NA	6.0	NA	 3.6
479	1984	7	 10.8	 13.9	 22.5	18	  8.4	  2.9	25	NA	 34.3	 11.5	24	NA	6.7	NA	 1.9
479	1984	8	 10.9	 14.5	 22.2	26	  6.8	  2.7	22	NA	 31.1	 11.9	28	NA	5.5	NA	 2.5
479	1984	9	  5.7	  8.8	 20.3	6	  3.1	 -1.2	12	NA	 44.1	 11.7	19	NA	5.6	NA	 3.8
479	1984	10	  2.1	  4.0	  7.3	15	  0.3	 -4.2	21	NA	149.1	 27.7	8	NA	6.9	NA	 3.8
479	1984	11	  0.5	  2.6	  7.8	26	 -1.9	 -7.8	3	NA	 49.4	 12.3	10	NA	6.7	NA	 4.4
479	1984	12	  0.4	  3.4	  9.6	11	 -2.7	 -8.1	2	NA	 59.5	 20.0	17	NA	5.3	NA	 5.4
479	1985	1	 -1.0	  1.7	 10.5	12	 -3.9	-15.7	28	NA	 16.5	  3.7	21	NA	5.5	NA	 4.3
479	1985	2	 -1.0	  1.9	 11.7	28	 -4.6	-11.0	3	NA	  8.3	  3.2	27	NA	5.5	NA	 5.9
479	1985	3	 -1.5	  1.3	  9.2	1	 -4.0	-13.0	17	NA	 25.2	  5.8	13	NA	5.9	NA	 6.3
479	1985	4	  0.7	  3.4	 10.3	20	 -2.4	-11.0	27	NA	 33.1	 10.9	17	NA	6.2	NA	 4.7
479	1985	5	  5.2	  8.6	 17.8	15	  2.0	 -1.5	23	NA	 33.1	  9.9	1	NA	5.6	NA	 4.1
479	1985	6	  7.1	  9.8	 16.2	18	  4.8	 -1.7	5	NA	 56.4	 26.6	3	NA	6.6	NA	 3.6
479	1985	7	  8.1	 10.5	 19.8	1	  6.0	  3.2	13	NA	111.9	 24.5	19	NA	6.6	NA	 4.9
479	1985	8	  6.9	  9.0	 17.6	1	  5.1	 -0.5	27	NA	153.2	 24.5	12	NA	6.8	NA	 4.3
479	1985	9	  4.7	  7.3	 15.1	12	  2.4	 -1.0	21	NA	 72.4	 19.7	19	NA	6.6	NA	 3.3
479	1985	10	  5.0	  8.7	 18.6	14	  1.9	 -4.6	10	NA	 85.4	 17.8	24	NA	6.1	NA	 6.0
479	1985	11	 -0.9	  1.9	  8.8	22	 -3.7	-12.6	6	NA	 21.8	  4.7	8	NA	5.4	NA	 5.3
479	1985	12	 -2.9	 -1.0	  3.1	11	 -5.7	-13.0	28	NA	 32.9	  4.9	1	NA	6.7	NA	 7.4
479	1986	1	 -1.2	  1.3	  7.7	26	 -4.2	 -9.0	30	NA	 41.0	  9.3	11	NA	5.9	NA	 7.9
479	1986	2	 -1.1	  2.5	  8.4	12	 -4.0	-15.0	21	NA	  3.0	  1.2	20	NA	4.4	NA	 3.4
479	1986	3	  0.1	  2.0	 10.6	10	 -3.0	-11.6	4	NA	 86.0	 23.2	23	NA	6.4	NA	 7.7
479	1986	4	  1.0	  3.6	  8.9	25	 -1.4	-13.2	16	NA	 25.5	  5.5	26	NA	6.5	NA	 4.7
479	1986	5	  2.1	  4.6	 13.2	19	  0.3	 -4.9	4	NA	 49.0	 14.3	27	NA	6.8	NA	 4.1
479	1986	6	  8.9	 12.4	 21.0	28	  5.7	  0.8	9	NA	 43.9	 17.3	9	NA	5.7	NA	 2.5
479	1986	7	  8.4	 11.7	 21.7	22	  5.9	  0.9	30	NA	 65.4	 17.0	21	NA	5.9	NA	 3.6
479	1986	8	  8.7	 11.4	 18.6	10	  6.2	  2.5	29	NA	 15.1	  4.8	31	NA	6.4	NA	 2.0
479	1986	9	  5.2	  8.6	 14.4	3	  2.5	 -3.4	10	NA	 37.1	 13.8	28	NA	5.9	NA	 4.4
479	1986	10	  1.7	  4.8	 14.0	9	 -0.8	 -6.1	21	NA	 62.6	 15.5	28	NA	5.5	NA	 5.2
479	1986	11	 -0.2	  2.1	  6.9	4	 -3.4	-11.5	11	NA	 60.0	  7.2	27	NA	6.3	NA	 7.3
479	1986	12	 -1.2	  1.6	  9.7	23	 -4.3	-16.4	2	NA	 12.3	  4.3	18	NA	5.8	NA	 7.7
479	1987	1	  1.7	  4.3	 10.6	23	 -1.4	 -9.0	1	NA	  6.1	  2.1	27	NA	5.7	NA	 3.8
479	1987	2	 -1.5	  1.2	  8.0	1	 -4.3	-13.3	16	NA	 22.1	  4.4	21	NA	6.6	NA	 4.1
479	1987	3	 -0.7	  1.7	 10.0	12	 -3.3	-13.9	20	NA	 27.9	  9.1	26	NA	6.5	NA	 7.3
479	1987	4	  3.1	  6.4	 14.8	23	  0.3	 -7.0	1	NA	 23.9	  7.4	10	NA	5.5	NA	 5.0
479	1987	5	  6.2	 10.5	 24.0	26	  2.7	 -3.9	8	NA	  7.9	  3.0	9	NA	5.1	NA	 3.5
479	1987	6	  7.4	  9.9	 14.5	16	  4.7	  1.8	11	NA	 49.9	 19.0	3	NA	6.1	NA	 2.7
479	1987	7	 10.4	 13.4	 21.0	13	  7.9	  2.1	9	NA	 53.0	 11.8	31	NA	6.6	NA	 2.5
479	1987	8	  9.3	 12.4	 17.4	26	  6.1	  2.0	22	NA	 24.0	  8.1	1	NA	5.7	NA	 3.0
479	1987	9	  6.3	  8.5	 15.8	27	  4.2	 -2.0	15	NA	100.2	 20.1	4	NA	7.1	NA	 5.7
479	1987	10	  2.1	  3.9	 12.8	4	  0.1	 -5.9	29	NA	 96.4	 16.7	4	NA	6.8	NA	 6.7
479	1987	11	  3.5	  6.1	 12.8	5	  1.1	 -6.9	23	NA	 50.3	 23.1	19	NA	6.3	NA	 5.2
479	1987	12	  0.7	  3.2	 11.1	2	 -1.6	-10.2	26	NA	 53.5	 15.5	24	NA	7.1	NA	 5.5
479	1988	1	 -4.0	 -1.2	  7.6	16	 -7.2	-20.0	5	NA	 16.4	  3.7	31	NA	5.9	NA	 7.5
479	1988	2	 -2.2	  0.2	  7.8	20	 -4.8	 -9.0	4	NA	 23.2	  4.6	5	NA	7.2	NA	 7.2
479	1988	3	 -2.8	  0.0	  7.8	7	 -5.6	-15.0	20	NA	 39.2	 10.1	2	NA	6.8	NA	 4.0
479	1988	4	 -2.4	  0.8	 11.2	26	 -5.2	-12.7	2	NA	 22.6	  5.5	27	NA	6.2	NA	 4.7
479	1988	5	  4.6	  8.9	 17.7	23	  1.3	 -7.0	1	NA	 21.9	  8.9	28	NA	5.8	NA	 4.2
479	1988	6	  9.3	 13.1	 22.8	25	  6.0	  0.0	3	NA	 15.0	  4.3	7	NA	5.7	NA	 3.5
479	1988	7	  8.6	 11.7	 19.6	20	  6.2	  3.4	13	NA	152.0	 57.8	27	NA	5.9	NA	 4.0
479	1988	8	  9.6	 12.4	 21.6	4	  7.3	  2.0	21	NA	 67.8	 23.6	28	NA	7.0	NA	 3.8
479	1988	9	  5.9	  8.4	 20.1	14	  3.7	 -3.6	30	NA	114.4	 31.1	22	NA	7.2	NA	 5.1
479	1988	10	  2.4	  5.5	 12.4	15	 -0.1	 -6.7	9	NA	 46.7	 17.6	3	NA	5.9	NA	 4.6
479	1988	11	  0.4	  3.5	 10.2	15	 -2.6	 -9.4	17	NA	 61.6	 10.6	25	NA	5.8	NA	 3.2
479	1988	12	 -0.9	  2.5	 11.6	14	 -4.6	-13.8	25	NA	 36.1	  5.8	6	NA	6.1	NA	 6.9
479	1989	1	 -1.3	  1.9	  8.4	31	 -4.5	-11.3	22	NA	 41.5	  7.6	29	NA	5.8	NA	 7.0
479	1989	2	 -3.4	 -0.4	  8.9	1	 -6.3	-13.0	17	NA	 37.2	  4.2	7	NA	6.9	NA	 9.3
479	1989	3	 -1.8	  0.5	  7.5	31	 -5.4	-14.6	2	NA	 53.4	 11.9	19	NA	6.3	NA	 6.5
479	1989	4	 -0.3	  2.2	  8.8	4	 -2.4	 -9.9	21	NA	 57.4	  9.8	2	NA	6.4	NA	 4.3
479	1989	5	  2.9	  5.8	 11.4	21	  0.6	 -2.5	9	NA	 23.1	  5.1	24	NA	6.9	NA	 3.9
479	1989	6	  7.7	 11.3	 19.0	17	  4.7	  0.8	27	NA	 20.2	  6.9	12	NA	5.4	NA	 3.3
479	1989	7	  9.9	 13.3	 19.9	23	  7.1	  0.4	1	NA	 48.2	 20.0	29	NA	6.5	NA	 2.8
479	1989	8	  8.8	 11.7	 19.0	7	  6.6	  2.8	4	NA	 99.7	 19.8	10	NA	6.9	NA	 3.7
479	1989	9	  6.5	  9.1	 17.9	11	  3.8	 -0.8	27	NA	 91.0	 17.7	25	NA	6.6	NA	 5.1
479	1989	10	  3.5	  6.0	 15.6	2	  1.1	 -9.0	27	NA	 70.2	 11.5	21	NA	6.3	NA	 3.6
479	1989	11	  0.2	  3.1	 10.1	15	 -2.8	-11.5	19	NA	 83.3	 22.5	17	NA	5.2	NA	 3.1
479	1989	12	 -0.4	  2.2	 11.6	1	 -3.4	-11.7	21	NA	 18.4	  3.4	16	NA	6.0	NA	 5.6
479	1990	1	  0.2	  2.0	  6.9	4	 -2.1	 -6.6	21	NA	 87.0	 14.9	2	NA	6.7	NA	 6.8
479	1990	2	 -1.2	  0.4	  2.8	1	 -3.3	 -9.1	28	NA	 68.5	 12.4	6	NA	7.4	NA	 7.0
479	1990	3	 -2.8	 -0.0	  6.5	25	 -6.1	-15.7	10	NA	 53.2	 12.9	21	NA	6.6	NA	 6.7
479	1990	4	 -0.9	  2.0	  9.8	20	 -3.8	-11.4	4	NA	 21.7	  5.2	1	NA	6.2	NA	 5.2
479	1990	5	  5.4	  8.8	 16.0	28	  2.2	 -0.9	17	NA	  8.8	  4.4	13	NA	5.7	NA	 1.8
479	1990	6	  8.0	 11.5	 19.8	16	  5.6	  1.3	26	NA	 81.2	 27.7	23	NA	6.2	NA	 3.3
479	1990	7	 10.7	 14.2	 22.3	28	  7.7	  2.4	10	NA	 31.2	 12.5	20	NA	6.2	NA	 3.1
479	1990	8	  9.2	 12.1	 18.6	10	  6.6	  2.5	19	NA	 75.2	 14.1	12	NA	6.4	NA	 3.6
479	1990	9	  5.9	  8.6	 17.7	10	  3.6	 -2.5	30	NA	 92.6	 15.3	22	NA	6.7	NA	 5.7
479	1990	10	  3.4	  5.3	 11.0	22	  1.3	 -5.7	18	NA	105.5	 17.2	15	NA	6.8	NA	 5.3
479	1990	11	  2.0	  3.9	 11.2	6	 -0.6	 -6.5	2	NA	 53.3	 16.6	14	NA	6.0	NA	 3.8
479	1990	12	 -0.4	  3.3	 14.0	14	 -4.1	-14.2	20	NA	 39.9	 20.9	26	NA	5.8	NA	 6.3
479	1991	1	  1.5	  4.7	 11.7	21	 -1.3	 -8.3	12	NA	 44.8	 11.3	4	NA	6.1	NA	 7.5
479	1991	2	  0.1	  3.0	 10.5	5	 -2.5	-11.0	25	NA	 18.0	  7.9	19	NA	5.2	NA	 5.0
479	1991	3	  1.4	  3.3	 10.2	25	 -0.9	 -8.6	30	NA	 79.7	 29.9	20	NA	6.7	NA	 7.0
479	1991	4	 -0.4	  2.5	  9.0	27	 -3.1	 -8.9	4	NA	 20.4	  4.8	27	NA	6.1	NA	 5.8
479	1991	5	  6.6	 10.1	 19.1	16	  3.8	 -0.5	7	NA	 71.1	 30.9	6	NA	6.8	NA	 2.6
479	1991	6	  6.2	  8.8	 16.0	18	  3.5	  0.0	4	NA	 31.6	  9.7	15	NA	5.6	NA	 2.4
479	1991	7	 11.0	 14.1	 22.2	31	  8.6	  4.1	20	NA	 19.7	  3.7	24	NA	6.4	NA	 2.1
479	1991	8	 10.3	 14.6	 22.2	1	  7.4	  3.0	24	NA	 31.9	 10.7	7	NA	5.7	NA	 4.0
479	1991	9	  6.1	  9.7	 18.6	6	  3.6	 -1.0	13	NA	 80.3	 11.8	19	NA	6.4	NA	 4.1
479	1991	10	  4.3	  6.6	 14.8	22	  1.9	 -3.9	18	NA	 73.8	 15.0	5	NA	6.2	NA	 5.4
479	1991	11	  0.4	  2.2	  6.7	1	 -2.2	 -6.9	19	NA	 84.2	 18.1	12	NA	7.2	NA	 6.5
479	1991	12	  0.1	  3.9	 10.8	27	 -3.2	-13.9	21	NA	 12.2	  4.8	20	NA	5.7	NA	 5.5
479	1992	1	  2.2	  6.1	 15.9	14	 -1.8	-11.4	4	NA	 46.2	 22.5	7	NA	6.3	NA	 6.4
479	1992	2	 -1.7	  2.4	 10.0	19	 -4.9	-13.0	12	NA	 52.3	 10.5	28	NA	6.5	NA	 6.7
479	1992	3	 -1.3	  1.8	 14.7	8	 -4.2	-16.6	15	NA	 42.2	 11.3	13	NA	6.5	NA	 6.1
479	1992	4	  0.5	  3.0	  7.2	9	 -1.5	-11.2	7	NA	 22.7	  4.4	6	NA	7.2	NA	 5.3
479	1992	5	  4.8	  9.0	 23.7	26	  1.8	 -4.4	15	NA	 22.9	  9.2	14	NA	6.0	NA	 3.1
479	1992	6	  8.4	 13.0	 21.9	8	  5.3	 -0.7	15	NA	 92.4	 23.2	24	NA	5.8	NA	 5.1
479	1992	7	  8.3	 11.1	 18.6	6	  5.6	  0.5	2	NA	 77.3	 21.1	20	NA	6.2	NA	 2.7
479	1992	8	  8.6	 11.6	 16.6	19	  5.7	  2.1	12	NA	104.3	 32.1	30	NA	6.2	NA	 4.2
479	1992	9	  6.0	  8.1	 16.7	19	  4.0	  0.1	25	NA	101.0	 20.5	8	NA	7.2	NA	 4.6
479	1992	10	  3.4	  6.9	 17.5	7	  0.4	 -8.6	29	NA	 47.5	 11.3	27	NA	5.8	NA	 3.5
479	1992	11	  0.1	  2.6	  8.9	8	 -2.7	 -7.9	22	NA	121.4	 30.9	11	NA	5.8	NA	 5.0
479	1992	12	 -0.5	  2.6	  9.8	27	 -3.2	-12.0	19	NA	 58.2	 10.3	5	NA	6.3	NA	 9.2
479	1993	1	 -3.1	  0.1	  7.3	30	 -6.9	-14.5	25	NA	 65.1	 11.5	18	NA	6.3	NA	 7.6
479	1993	2	 -0.3	  3.6	  9.8	7	 -4.0	-10.4	27	NA	 29.3	  7.2	18	NA	6.0	NA	 6.7
479	1993	3	 -0.1	  3.3	 10.3	1	 -2.6	 -9.0	22	NA	 32.1	  9.9	27	NA	5.9	NA	 5.0
479	1993	4	  1.9	  4.7	 12.0	28	 -0.7	 -6.0	24	NA	 15.1	  3.9	9	NA	5.8	NA	 4.6
479	1993	5	  3.8	  7.7	 14.8	10	  1.3	 -2.7	13	NA	 28.1	  4.5	12	NA	6.4	NA	 5.9
479	1993	6	  6.4	  9.8	 19.7	28	  3.9	 -1.1	2	NA	 99.5	 53.9	26	NA	6.0	NA	 3.8
479	1993	7	  5.8	  7.8	 15.4	22	  4.8	  3.0	14	NA	 76.1	  9.9	2	NA	7.7	NA	 4.6
479	1993	8	  7.9	 11.0	 18.3	5	  5.7	  3.7	9	NA	 41.0	  8.1	15	NA	6.8	NA	 3.6
479	1993	9	  7.8	 10.9	 15.0	23	  5.1	  0.8	22	NA	 22.1	  6.4	27	NA	5.6	NA	 2.5
479	1993	10	  3.7	  6.6	 15.5	26	  0.6	 -8.7	16	NA	 10.7	  2.1	4	NA	6.2	NA	 4.6
479	1993	11	  3.9	  7.3	 12.5	2	  1.4	 -3.1	13	NA	 22.5	 11.1	9	NA	5.4	NA	 6.5
479	1993	12	 -1.9	  0.1	  4.3	27	 -4.6	-10.9	13	NA	 41.3	  6.5	2	NA	6.7	NA	 7.1
479	1994	1	 -2.3	 -0.1	  6.7	18	 -5.4	-12.5	25	NA	 59.9	 13.7	18	NA	7.1	NA	 9.5
479	1994	2	 -0.4	  2.6	  8.5	14	 -2.8	-15.6	25	NA	 12.9	  5.6	14	NA	5.2	NA	 4.7
479	1994	3	 -1.8	  0.3	  7.2	28	 -4.8	-10.4	10	NA	 43.9	  4.7	24	NA	7.1	NA	 5.1
479	1994	4	 -0.1	  2.4	  8.7	14	 -2.2	 -8.0	29	NA	 43.5	 15.1	1	NA	6.2	NA	 4.6
479	1994	5	  5.3	  8.6	 14.0	29	  2.0	 -2.2	1	NA	 18.4	  3.8	31	NA	5.8	NA	 2.6
479	1994	6	  6.2	  8.6	 17.0	30	  4.1	  0.5	2	NA	 59.1	 20.0	5	NA	6.2	NA	 4.0
479	1994	7	 10.6	 14.4	 20.4	26	  8.0	  3.8	24	NA	 28.1	 10.7	30	NA	6.3	NA	 2.9
479	1994	8	  9.8	 12.7	 19.0	1	  7.3	  2.4	30	NA	 51.7	 22.3	28	NA	5.6	NA	 2.9
479	1994	9	  6.1	  9.1	 19.1	2	  3.7	 -4.2	29	NA	 20.6	  2.9	5	NA	5.3	NA	 3.4
479	1994	10	  1.4	  3.6	 13.5	5	 -1.3	 -9.0	17	NA	123.3	 23.4	22	NA	7.0	NA	 4.9
479	1994	11	  1.8	  4.1	 10.0	29	 -0.7	 -6.5	18	NA	 87.6	 14.2	19	NA	6.0	NA	 6.9
479	1994	12	 -0.9	  1.7	 10.0	2	 -4.0	 -9.0	13	NA	 57.5	 14.9	4	NA	6.3	NA	 7.6
479	1995	1	 -2.1	  0.5	  6.7	12	 -5.3	-12.5	1	NA	 62.3	 17.7	19	NA	7.0	NA	 7.7
479	1995	2	 -2.6	 -1.0	  5.7	3	 -5.3	-13.1	9	NA	 66.2	 10.2	16	NA	7.1	NA	 6.7
479	1995	3	 -1.9	  0.6	  8.9	30	 -4.8	-15.6	28	NA	 77.8	 12.2	17	NA	6.6	NA	 8.0
479	1995	4	 -0.6	  1.8	  6.2	12	 -2.9	 -7.4	4	NA	 28.2	  5.9	10	NA	6.4	NA	 5.4
479	1995	5	  1.8	  4.1	 10.0	31	  0.0	 -4.3	9	NA	 39.4	  9.2	27	NA	7.0	NA	 2.5
479	1995	6	  8.2	 11.9	 19.1	11	  5.1	  0.0	3	NA	 35.2	 10.0	20	NA	6.1	NA	 3.5
479	1995	7	  7.8	 11.6	 20.6	2	  5.2	  1.0	8	NA	 72.9	 40.0	6	NA	6.2	NA	 3.2
479	1995	8	 10.5	 14.9	 22.0	10	  7.4	  1.5	24	NA	 28.3	 10.4	12	NA	6.0	NA	 2.7
479	1995	9	  6.5	  9.9	 19.0	16	  4.0	 -5.0	29	NA	 22.4	  5.9	25	NA	5.2	NA	 4.4
479	1995	10	  2.8	  4.2	  7.0	21	  0.9	 -5.3	30	NA	170.8	 27.0	5	NA	7.5	NA	 7.0
479	1995	11	  1.0	  3.5	 11.2	7	 -1.5	 -8.4	26	NA	 44.4	 12.5	23	NA	6.4	NA	 3.7
479	1995	12	 -1.4	  1.7	 12.5	5	 -4.2	-14.3	27	NA	 23.1	  8.0	23	NA	4.9	NA	 5.2
479	1996	1	  0.6	  3.5	 10.0	17	 -2.1	 -8.4	1	NA	 20.8	  4.4	10	NA	5.4	NA	 3.8
479	1996	2	 -1.5	  1.6	 11.7	21	 -5.0	-14.9	27	NA	 38.7	  9.2	8	NA	6.5	NA	 6.2
479	1996	3	  2.2	  5.8	 11.6	2	 -1.1	-11.6	24	NA	  3.2	  1.5	1	NA	4.9	NA	 5.0
479	1996	4	  2.1	  4.9	 13.0	10	 -0.3	 -8.0	6	NA	 42.0	 12.1	18	NA	6.3	NA	 5.3
479	1996	5	  4.8	  8.6	 14.8	28	  1.1	 -4.9	1	NA	 10.0	  4.4	10	NA	5.1	NA	 3.5
479	1996	6	  7.2	 10.4	 20.7	24	  4.9	 -0.2	3	NA	 59.5	 20.6	11	NA	6.5	NA	 3.0
479	1996	7	 10.3	 13.7	 21.7	17	  7.6	  3.3	12	NA	 28.7	 17.5	26	NA	6.1	NA	 2.7
479	1996	8	  9.6	 13.2	 20.0	8	  6.4	  2.5	26	NA	 33.1	  6.9	6	NA	5.8	NA	 2.7
479	1996	9	 10.5	 13.9	 21.7	4	  7.4	  3.5	29	NA	 61.8	 19.1	24	NA	6.2	NA	 3.3
479	1996	10	  3.1	  5.4	 12.5	24	  0.8	 -6.8	13	NA	 85.3	 23.7	21	NA	6.6	NA	 5.9
479	1996	11	 -2.1	  0.2	 10.0	14	 -5.3	-13.3	24	NA	 72.7	  9.9	20	NA	5.8	NA	 5.9
479	1996	12	 -1.4	  0.9	  6.7	29	 -3.9	-11.5	16	NA	 27.8	  9.6	26	NA	5.8	NA	 4.7
479	1997	1	 -0.6	  2.7	 11.9	29	 -3.8	-10.9	19	NA	 18.5	  5.7	18	NA	5.7	NA	 7.8
479	1997	2	 -2.1	  0.4	  7.0	1	 -5.0	-13.0	5	NA	 50.8	 14.0	21	NA	6.5	NA	 7.3
479	1997	3	 -1.9	  0.5	  7.1	4	 -4.9	-15.7	15	NA	 37.5	  6.8	12	NA	6.1	NA	 6.8
479	1997	4	  1.5	  5.1	 12.0	14	 -1.8	-11.2	6	NA	 16.6	  3.2	1	NA	6.4	NA	 5.1
479	1997	5	  3.3	  6.0	 20.6	31	  0.5	 -5.2	5	NA	 29.5	 12.3	13	NA	6.1	NA	 3.8
479	1997	6	  5.2	  8.7	 16.6	27	  3.0	 -1.7	7	NA	 33.6	  7.8	14	NA	6.1	NA	 3.9
479	1997	7	 11.3	 14.6	 22.7	11	  8.3	  2.0	17	NA	 15.8	  3.9	26	NA	6.3	NA	 2.3
479	1997	8	  9.7	 13.7	 20.1	4	  6.9	  1.3	31	NA	 75.9	 30.0	30	NA	5.7	NA	 4.1
479	1997	9	  7.4	 10.5	 21.1	23	  4.8	 -1.6	14	NA	 60.1	 14.1	4	NA	6.0	NA	 5.8
479	1997	10	  2.9	  5.2	 13.8	29	  0.7	 -4.2	19	NA	 77.1	 16.0	8	NA	6.7	NA	 4.5
479	1997	11	  2.0	  3.7	  8.0	23	  0.2	 -6.6	2	NA	 58.6	 14.8	19	NA	6.6	NA	 3.8
479	1997	12	  1.1	  3.8	 14.5	15	 -2.0	 -9.8	29	NA	 26.3	  6.6	31	NA	5.6	NA	 4.3
479	1998	1	 -0.3	  2.0	  9.3	25	 -3.3	-14.4	18	NA	 37.1	  6.4	11	NA	6.9	NA	 8.4
479	1998	2	 -3.0	  1.1	  9.2	24	 -6.3	-12.9	28	NA	 44.2	  7.4	18	NA	6.0	NA	 7.2
479	1998	3	 -2.3	  0.9	 10.3	14	 -6.1	-17.5	7	NA	 27.5	  7.0	2	NA	5.8	NA	 7.3
479	1998	4	  0.1	  2.9	 10.9	24	 -1.9	 -8.9	12	NA	 35.3	 11.8	26	NA	6.1	NA	 3.2
479	1998	5	  5.5	  9.4	 18.3	22	  2.2	 -5.3	9	NA	 16.0	  5.3	6	NA	5.7	NA	 3.8
479	1998	6	  5.2	  7.9	 13.4	17	  3.1	 -1.5	6	NA	 21.5	 18.0	22	NA	5.9	NA	 3.5
479	1998	7	  6.7	  9.4	 16.2	2	  5.2	  2.8	22	NA	 69.2	 26.1	8	NA	7.1	NA	 3.4
479	1998	8	 10.2	 13.3	 19.2	27	  7.2	  0.8	22	NA	 22.9	  3.7	4	NA	6.3	NA	 3.7
479	1998	9	  5.9	  8.3	 16.6	3	  3.9	 -1.2	30	NA	 55.7	  9.7	11	NA	6.4	NA	 4.9
479	1998	10	  2.2	  4.5	 16.0	6	  0.0	 -5.7	17	NA	 70.2	  9.3	31	NA	6.6	NA	 7.1
479	1998	11	  0.6	  3.2	 10.3	30	 -2.2	-11.6	6	NA	 79.2	 22.0	10	NA	5.7	NA	 5.8
479	1998	12	  0.3	  2.5	  9.8	7	 -2.5	-11.5	20	NA	 74.4	 13.8	26	NA	6.6	NA	 6.3
479	1999	1	 -0.9	  1.6	 10.7	31	 -4.3	-10.0	15	NA	 44.0	  9.0	21	NA	6.6	NA	 7.1
479	1999	2	 -1.2	  1.6	  9.5	1	 -3.9	-13.7	17	NA	 25.6	  6.4	15	NA	6.3	NA	 8.2
479	1999	3	 -2.6	 -0.8	  2.0	11	 -4.8	-12.0	20	NA	 45.0	  7.8	11	NA	6.8	NA	 5.7
479	1999	4	 -0.0	  3.1	 10.0	27	 -2.6	 -9.6	18	NA	 33.3	  9.3	6	NA	5.3	NA	 4.5
479	1999	5	  5.5	  9.0	 15.3	5	  2.3	 -3.9	3	NA	 74.5	 27.1	22	NA	6.3	NA	 4.1
479	1999	6	  9.0	 13.3	 24.1	11	  5.6	  0.8	6	NA	 36.3	 15.1	15	NA	5.5	NA	 3.4
479	1999	7	 10.2	 13.8	 25.0	8	  7.8	  5.3	6	NA	 43.1	 17.6	15	NA	5.9	NA	 3.8
479	1999	8	 10.5	 13.2	 19.0	23	  7.6	  2.6	9	NA	 11.5	  3.7	14	NA	6.1	NA	 2.6
479	1999	9	  7.0	  9.7	 16.9	20	  4.7	 -3.2	28	NA	 68.4	 10.9	16	NA	6.2	NA	 4.1
479	1999	10	  4.2	  6.7	 15.0	14	  1.7	 -4.6	9	NA	 68.8	 17.3	2	NA	5.9	NA	 5.6
479	1999	11	  2.0	  5.0	 18.7	19	 -0.8	 -8.4	28	NA	104.6	 29.3	1	NA	6.3	NA	 7.0
479	1999	12	 -1.5	  1.1	  6.8	20	 -4.2	-12.0	5	NA	 30.0	  5.9	3	NA	6.6	NA	 6.5
479	2000	1	  0.2	  3.2	 14.8	24	 -3.1	-13.4	31	NA	 28.7	  6.5	8	NA	5.9	NA	 6.9
479	2000	2	 -1.6	  0.7	  5.1	5	 -4.6	-10.6	14	NA	 78.9	 12.9	28	NA	6.7	NA	 7.3
479	2000	3	 -0.6	  2.0	 14.0	28	 -3.6	-10.9	4	NA	 19.6	  2.8	20	NA	6.8	NA	 8.3
479	2000	4	 -0.1	  2.9	 13.0	30	 -3.0	 -9.9	2	NA	  5.3	  1.7	15	NA	6.0	NA	 3.9
479	2000	5	  6.0	  9.8	 17.0	14	  3.1	 -1.4	31	NA	 37.1	 12.2	18	NA	6.0	NA	 4.7
479	2000	6	  7.5	 10.8	 18.5	30	  3.9	 -2.0	3	NA	 19.8	  4.6	18	NA	4.7	NA	 3.2
479	2000	7	 11.2	 14.6	 21.9	22	  8.5	  4.8	30	NA	 17.5	  3.9	13	NA	5.8	NA	 2.5
479	2000	8	 10.3	 13.6	 21.7	13	  7.8	  4.2	29	NA	 74.9	 27.4	16	NA	6.2	NA	 2.9
479	2000	9	  8.0	 11.6	 19.0	25	  5.1	 -1.0	20	NA	 86.1	 42.6	9	NA	5.6	NA	 4.8
479	2000	10	  3.8	  6.0	 15.0	6	  1.5	 -6.2	13	NA	 52.5	 12.0	15	NA	6.6	NA	 4.9
479	2000	11	  1.0	  2.8	  5.4	15	 -1.1	 -8.9	8	NA	116.2	 18.7	3	NA	7.3	NA	 6.8
479	2000	12	 -0.4	  1.6	  7.0	20	 -2.6	-10.5	30	NA	 65.5	 11.5	3	NA	7.2	NA	 6.7
479	2001	1	  1.8	  3.7	 10.4	14	 -0.5	 -6.5	3	NA	 30.2	  9.6	27	NA	6.7	NA	 7.2
479	2001	2	 -0.5	  2.3	 10.4	18	 -3.4	-10.9	25	NA	 20.4	  7.1	27	NA	5.6	NA	 7.6
479	2001	3	 -2.5	 -0.2	  4.5	31	 -5.1	-11.2	24	NA	 45.0	 12.0	31	NA	6.8	NA	 5.6
479	2001	4	  0.3	  3.2	 10.0	30	 -2.1	-13.2	11	NA	 42.2	  9.6	1	NA	6.0	NA	 4.8
479	2001	5	  5.0	  8.5	 16.7	5	  2.4	 -2.9	23	NA	 19.3	  6.0	21	NA	6.4	NA	 5.1
479	2001	6	  6.4	  9.6	 18.6	25	  3.5	 -1.4	13	NA	 31.5	  8.5	6	NA	5.9	NA	 3.4
479	2001	7	  9.2	 12.2	 16.0	27	  6.9	  2.0	1	NA	 35.8	  9.1	10	NA	6.2	NA	 3.1
479	2001	8	  9.1	 11.5	 18.3	19	  6.7	  3.0	7	NA	 55.8	 19.7	26	NA	6.3	NA	 3.6
479	2001	9	  7.8	 10.8	 17.9	4	  5.5	 -1.7	29	NA	 39.0	  6.9	30	NA	6.4	NA	 4.1
479	2001	10	  4.5	  6.6	 12.1	9	  2.3	 -6.5	31	NA	115.3	 18.0	16	NA	6.2	NA	 4.8
479	2001	11	  1.4	  5.0	 15.0	10	 -2.2	 -8.9	28	NA	 54.0	 15.0	25	NA	6.1	NA	 7.5
479	2001	12	  1.6	  4.8	 14.3	14	 -1.3	 -8.6	30	NA	 38.1	  8.2	31	NA	5.7	NA	 7.0
479	2002	1	  0.0	  2.8	 12.9	7	 -2.9	-14.3	25	NA	 64.0	 16.6	17	NA	6.4	NA	 7.4
479	2002	2	 -3.7	 -0.9	  7.2	13	 -6.0	-13.6	28	NA	 46.7	 12.6	3	NA	6.9	NA	 8.6
479	2002	3	 -2.5	  0.6	  6.9	2	 -5.8	-15.2	19	NA	 34.3	  6.2	28	NA	6.1	NA	 4.8
479	2002	4	  2.7	  6.8	 14.0	21	  0.3	 -5.5	27	NA	 66.0	 11.3	29	NA	6.3	NA	 5.4
479	2002	5	  4.2	  7.5	 16.1	24	  1.6	 -3.4	3	NA	 89.6	 14.6	31	NA	6.0	NA	 4.3
479	2002	6	  7.8	 10.9	 22.8	8	  4.9	  0.7	19	NA	 52.6	 31.6	19	NA	5.7	NA	 3.4
479	2002	7	  9.1	 12.5	 17.2	14	  6.7	  1.6	5	NA	 74.7	 28.0	11	NA	6.5	NA	 3.4
479	2002	8	  9.4	 12.5	 19.6	23	  6.9	  3.0	12	NA	110.1	 21.3	16	NA	6.4	NA	 2.7
479	2002	9	  8.5	 12.3	 21.7	10	  5.8	 -0.7	29	NA	 44.6	  9.1	5	NA	6.1	NA	 2.6
479	2002	10	  4.5	  7.3	 17.3	5	  2.3	 -8.7	28	NA	 45.5	  4.7	3	NA	6.2	NA	 6.6
479	2002	11	  3.3	  4.9	  7.9	2	  0.7	-10.6	17	NA	 90.7	 16.5	7	NA	6.4	NA	 5.6
479	2002	12	  2.9	  5.5	 12.5	6	  0.3	 -6.0	29	NA	 26.0	  8.9	1	NA	5.4	NA	 4.5
479	2003	1	 -0.8	  1.9	  8.0	10	 -3.9	-14.3	23	NA	 48.4	 12.4	12	NA	6.2	NA	 6.5
479	2003	2	  2.2	  4.8	 11.7	16	 -0.6	 -9.0	5	NA	 35.6	 16.5	20	NA	5.7	NA	 8.7
479	2003	3	  3.1	  6.3	 13.8	24	  0.3	 -8.4	11	NA	 40.7	 14.5	5	NA	5.8	NA	 6.6
479	2003	4	  4.7	  8.8	 20.0	18	  1.4	 -7.9	2	NA	 17.5	  5.6	3	NA	6.5	NA	 5.4
479	2003	5	  4.1	  6.5	 10.7	17	  1.1	 -6.2	5	NA	 17.9	  4.7	19	NA	5.7	NA	 3.6
479	2003	6	  9.3	 12.3	 23.6	26	  6.5	  2.8	22	NA	 69.8	 17.3	20	NA	5.7	NA	 3.9
479	2003	7	 10.2	 12.7	 19.1	27	  8.0	  2.2	8	NA	 47.4	 13.1	11	NA	6.2	NA	 3.3
479	2003	8	 12.1	 15.1	 22.5	9	  9.4	  2.2	28	NA	 41.6	  9.4	21	NA	6.3	NA	 1.7
479	2003	9	  8.3	 12.0	 19.7	4	  5.2	 -1.8	26	NA	 47.9	 10.8	12	NA	5.8	NA	 4.9
479	2003	10	  4.0	  7.0	 18.2	26	  1.4	 -4.1	22	NA	 51.2	 12.6	6	NA	6.1	NA	 5.0
479	2003	11	  2.0	  4.3	 11.8	7	 -0.6	 -6.3	25	NA	 63.2	 15.0	30	NA	5.6	NA	 4.1
479	2003	12	 -0.8	  2.3	 10.0	6	 -4.2	-12.6	29	NA	 89.9	 21.2	17	NA	6.9	NA	 5.6
479	2004	1	 -0.8	  1.7	  8.0	21	 -3.7	-10.3	17	NA	 82.3	 12.5	13	NA	6.6	NA	 6.8
479	2004	2	  0.4	  4.0	 12.2	19	 -2.7	-10.2	22	NA	 22.5	  5.1	1	NA	6.5	NA	 6.7
479	2004	3	  2.8	  5.6	 13.1	9	  0.3	 -4.8	21	NA	 54.3	 21.1	17	NA	6.2	NA	 5.8
479	2004	4	  3.5	  6.4	 13.0	24	  1.0	 -4.3	11	NA	 43.7	 11.2	16	NA	7.1	NA	 4.8
479	2004	5	  5.0	  7.5	 14.4	29	  2.7	 -1.0	5	NA	 77.2	 11.2	1	NA	6.7	NA	 4.5
479	2004	6	  8.9	 12.2	 18.9	29	  5.7	  0.5	15	NA	  9.4	  2.0	3	NA	5.7	NA	 3.5
479	2004	7	 11.3	 13.8	 21.0	30	  8.3	  3.5	4	NA	 12.3	  4.1	21	NA	5.4	NA	 3.0
479	2004	8	 11.6	 15.8	 22.7	4	  8.0	  3.9	13	NA	  7.0	  1.4	31	NA	4.8	NA	 2.7
479	2004	9	  8.1	 11.3	 18.4	9	  5.6	 -0.1	15	NA	 99.2	 23.7	21	NA	5.9	NA	 5.2
479	2004	10	  3.9	  6.3	 16.9	1	  1.5	 -6.9	28	NA	 64.7	 14.4	4	NA	6.7	NA	 6.3
479	2004	11	  1.2	  4.2	 17.0	6	 -2.6	 -9.7	20	NA	 56.1	 17.3	9	NA	6.7	NA	 5.3
479	2004	12	 -1.0	  2.1	  8.0	13	 -4.0	-12.2	18	NA	 33.9	  6.5	17	NA	5.9	NA	 7.1
479	2005	1	 -0.0	  2.6	 10.8	25	 -3.5	-10.9	13	NA	 34.5	  6.9	9	NA	6.6	NA	 8.1
479	2005	2	  0.9	  4.3	 14.0	21	 -1.8	-11.7	5	NA	 14.7	  4.6	12	NA	5.9	NA	 5.6
479	2005	3	  1.5	  5.6	 14.8	21	 -1.3	-11.9	15	NA	 16.4	  4.6	31	NA	5.1	NA	 4.2
479	2005	4	  1.5	  4.8	 14.0	20	 -0.9	 -8.9	8	NA	 55.5	  9.9	3	NA	6.1	NA	 5.2
479	2005	5	  3.1	  5.8	 13.6	13	  0.1	 -3.0	18	NA	 27.3	  7.9	7	NA	5.4	NA	 4.2
479	2005	6	  7.9	 10.7	 19.9	28	  5.3	  1.1	5	NA	 46.7	 18.1	20	NA	6.2	NA	 4.6
479	2005	7	 10.4	 14.1	 22.5	15	  8.1	  3.9	27	NA	 49.3	 14.5	11	NA	5.9	NA	 4.1
479	2005	8	  8.8	 11.2	 19.8	20	  6.7	  3.3	31	NA	124.4	 21.1	17	NA	6.7	NA	 5.0
479	2005	9	  4.8	  7.0	 13.7	10	  2.4	 -1.6	21	NA	122.9	 22.7	13	NA	6.7	NA	 6.8
479	2005	10	  1.5	  4.0	 13.8	16	 -0.7	 -7.7	26	NA	107.1	 15.9	29	NA	7.0	NA	 6.5
479	2005	11	  0.1	  2.5	  8.1	20	 -2.9	 -8.0	16	NA	 79.4	 24.0	11	NA	5.8	NA	 6.2
479	2005	12	  1.2	  3.9	 11.0	25	 -1.7	 -6.7	17	NA	 28.8	 12.4	3	NA	5.4	NA	 6.5
479	2006	1	  1.4	  4.5	 11.0	4	 -1.5	 -7.8	18	NA	 29.2	  9.3	16	NA	5.0	NA	 8.0
479	2006	2	  1.5	  4.9	 11.2	21	 -1.6	-12.4	8	NA	 30.3	  8.5	17	NA	5.4	NA	 5.8
479	2006	3	 -0.2	  1.9	 12.8	17	 -2.5	-10.1	6	NA	 47.0	  8.9	19	NA	6.8	NA	 6.7
479	2006	4	  1.5	  4.4	 15.3	28	 -1.4	 -8.8	3	NA	 57.6	 10.0	18	NA	6.1	NA	 7.2
479	2006	5	  3.7	  6.3	 14.0	6	  1.1	 -2.3	14	NA	 77.3	 22.8	24	NA	5.9	NA	 5.7
479	2006	6	  9.3	 12.6	 18.5	30	  6.4	  1.8	13	NA	 16.2	  9.6	6	NA	5.7	NA	 4.2
479	2006	7	  9.9	 13.2	 19.2	15	  7.6	  4.3	10	NA	 33.3	  6.2	12	NA	5.8	NA	 4.5
479	2006	8	 10.3	 13.0	 22.6	4	  7.8	  2.2	17	NA	 94.5	 36.4	29	NA	5.5	NA	 3.9
479	2006	9	  8.1	 11.0	 18.4	15	  5.5	  0.2	26	NA	 26.7	  6.4	2	NA	6.1	NA	 5.3
479	2006	10	  3.7	  6.2	 14.3	13	  1.7	 -3.8	31	NA	 49.9	  8.7	29	NA	7.0	NA	 6.7
479	2006	11	 -0.6	  1.8	 12.4	3	 -3.5	-14.6	19	NA	 72.8	 17.2	29	NA	6.9	NA	 8.1
479	2006	12	  2.5	  5.0	 13.0	20	 -0.2	 -8.6	17	NA	 46.3	 12.2	9	NA	6.4	NA	 7.2
479	2007	1	 -0.9	  1.5	 10.5	29	 -4.0	-14.0	10	NA	 39.3	  6.3	15	NA	6.5	NA	 6.9
479	2007	2	 -1.1	  1.1	  8.3	3	 -3.2	-10.6	8	NA	 13.7	  3.3	16	NA	5.4	NA	 6.5
479	2007	3	  1.5	  3.7	 12.6	31	 -1.1	 -9.5	20	NA	 86.9	 20.7	9	NA	6.8	NA	 7.4
479	2007	4	  3.8	  7.7	 15.6	29	  0.2	 -6.7	17	NA	 39.4	  8.5	14	NA	5.1	NA	 5.7
479	2007	5	  3.1	  5.9	 13.6	2	  0.9	 -1.4	10	NA	 50.0	 13.0	12	NA	6.7	NA	 5.4
479	2007	6	  9.0	 12.7	 19.7	1	  6.2	  3.0	12	NA	  8.3	  3.4	22	NA	5.6	NA	 3.4
479	2007	7	  9.1	 11.7	 17.4	31	  6.7	  1.8	16	NA	 27.0	  7.9	9	NA	6.5	NA	 3.4
479	2007	8	  9.0	 11.3	 17.2	21	  6.8	  3.2	26	NA	 76.0	 15.6	5	NA	6.4	NA	 4.2
479	2007	9	  6.7	  9.6	 18.9	4	  4.1	 -2.1	17	NA	151.4	 54.4	13	NA	6.4	NA	 6.6
479	2007	10	  4.8	  8.2	 16.6	19	  2.0	 -4.2	18	NA	158.9	 39.2	6	NA	5.9	NA	 6.6
479	2007	11	  1.3	  4.3	 11.1	16	 -2.1	 -8.4	25	NA	 45.0	 10.5	29	NA	6.3	NA	 7.2
479	2007	12	  1.4	  4.2	 11.6	17	 -2.0	 -8.9	4	NA	 38.5	  8.1	2	NA	6.2	NA	 7.8
479	2008	1	 -0.9	  1.7	  9.9	1	 -3.7	 -8.1	31	NA	 26.3	  7.7	7	NA	6.1	NA	 7.4
479	2008	2	 -0.1	  2.4	  9.2	19	 -2.9	-10.8	29	NA	 27.1	  5.4	2	NA	6.3	NA	 8.4
479	2008	3	 -1.2	  0.7	  6.3	19	 -3.6	-12.5	4	NA	 65.8	 12.5	5	NA	7.0	NA	 7.2
479	2008	4	  0.9	  3.6	  9.5	24	 -1.5	-10.0	14	NA	 57.9	 19.4	29	NA	5.7	NA	 5.5
479	2008	5	  6.3	  9.3	 16.7	27	  3.6	 -2.3	10	NA	 42.9	 11.4	3	NA	6.0	NA	 4.2
479	2008	6	  7.9	 10.5	 18.6	6	  5.2	  1.3	21	NA	 48.2	 15.5	29	NA	5.5	NA	 4.9
479	2008	7	 10.5	 13.8	 24.6	28	  8.1	  5.2	9	NA	 46.1	 13.7	3	NA	6.0	NA	 4.0
479	2008	8	 10.7	 14.3	 21.0	17	  7.7	  5.6	21	NA	 19.5	  6.5	26	NA	4.9	NA	 4.3
479	2008	9	  9.2	 12.4	 19.1	17	  6.5	  0.8	30	NA	 61.6	 15.5	12	NA	5.7	NA	 6.2
479	2008	10	  2.3	  4.5	 11.5	31	 -0.3	 -6.2	23	NA	108.0	 29.7	8	NA	6.6	NA	 7.8
479	2008	11	  1.0	  4.2	 11.0	1	 -1.8	 -7.3	22	NA	 49.0	 15.2	11	NA	6.7	NA	 7.6
479	2008	12	  0.3	  2.9	  9.7	11	 -3.3	 -9.3	2	NA	 46.3	 13.3	23	NA	5.3	NA	 7.2
479	2009	1	  0.6	  2.8	  9.5	7	 -2.2	 -8.3	13	NA	 67.0	 12.5	19	NA	6.4	NA	 6.6
479	2009	2	 -2.3	  0.4	 10.0	18	 -5.1	-11.4	12	NA	 35.5	  6.6	1	NA	5.2	NA	 6.0
479	2009	3	 -0.9	  1.3	  8.3	18	 -3.4	-11.2	28	NA	 49.9	  9.0	30	NA	6.8	NA	 7.8
479	2009	4	  2.4	  4.8	 11.0	29	  0.7	 -4.7	13	NA	 82.8	 14.2	23	NA	6.8	NA	 5.3
479	2009	5	  6.2	  9.5	 16.5	14	  3.3	 -0.3	9	NA	 52.4	 14.8	24	NA	5.5	NA	 5.6
479	2009	6	  8.3	 11.0	 16.2	21	  5.5	  0.5	10	NA	 23.0	  7.8	19	NA	5.5	NA	 3.7
479	2009	7	  9.5	 12.6	 19.5	1	  7.2	  2.7	25	NA	 51.6	  9.3	31	NA	5.5	NA	 4.4
479	2009	8	 10.1	 12.9	 18.8	7	  7.2	  2.7	22	NA	122.2	 46.1	29	NA	6.0	NA	 4.8
479	2009	9	  7.1	 10.3	 18.2	14	  4.4	 -1.5	29	NA	 49.3	 10.9	25	NA	5.5	NA	 5.1
479	2009	10	  3.3	  5.9	 16.7	14	  0.9	 -4.2	8	NA	 69.2	 25.1	18	NA	6.5	NA	 6.5
479	2009	11	  1.9	  3.6	  9.2	9	  0.2	 -5.0	28	NA	 86.9	 15.6	4	NA	6.9	NA	 7.1
479	2009	12	  0.9	  3.3	 12.0	12	 -2.0	-10.0	2	NA	 56.2	  9.0	25	NA	6.5	NA	 7.6
479	2010	1	  1.6	  4.4	 12.9	25	 -1.2	 -9.4	5	NA	  6.0	  3.3	17	NA	5.4	NA	 6.0
479	2010	2	 -2.1	  0.1	  6.5	11	 -4.2	-14.0	26	NA	 43.3	  8.8	15	NA	5.6	NA	 5.8
479	2010	3	  0.8	  2.8	  9.1	8	 -1.4	-10.2	1	NA	 46.4	  9.5	13	NA	7.0	NA	 7.3
479	2010	4	  0.6	  3.5	 13.8	10	 -2.1	 -8.8	23	NA	 34.9	  9.2	6	NA	5.6	NA	 6.7
479	2010	5	  4.8	  7.9	 16.4	19	  1.9	 -5.0	11	NA	 35.3	 13.9	14	NA	6.5	NA	 3.4
479	2010	6	  9.5	 13.0	 18.2	19	  6.6	  1.7	3	NA	  7.5	  5.9	11	NA	5.0	NA	 4.0
479	2010	7	  9.7	 12.4	 20.5	26	  7.7	  3.4	10	NA	 57.7	 16.3	9	NA	6.1	NA	 3.8
479	2010	8	 10.3	 12.8	 19.0	15	  7.9	  1.5	29	NA	 73.2	 19.8	22	NA	6.4	NA	 3.7
479	2010	9	  9.3	 12.6	 24.7	4	  6.7	 -0.7	18	NA	 46.3	 27.9	15	NA	5.5	NA	 4.9
479	2010	10	  4.7	  7.0	 14.2	2	  2.7	 -7.0	25	NA	 83.0	 13.0	23	NA	6.2	NA	 5.6
479	2010	11	  0.2	  2.1	  5.2	2	 -2.6	 -8.4	14	NA	 85.8	 16.3	18	NA	6.3	NA	 6.6
479	2010	12	 -0.1	  2.9	 10.0	10	 -3.4	-13.5	22	NA	 29.2	  4.8	11	NA	5.6	NA	 7.6
479	2011	1	  1.0	  3.3	 10.6	23	 -2.2	 -9.8	6	NA	 28.0	  5.9	11	NA	7.0	NA	 8.7
479	2011	2	  0.4	  3.1	  8.3	28	 -2.3	 -8.4	5	NA	 40.7	  8.0	16	NA	5.5	NA	 6.2
479	2011	3	 -1.0	  1.4	 10.0	3	 -4.0	-11.4	20	NA	 39.0	  7.7	2	NA	6.1	NA	 7.3
479	2011	4	  5.0	  9.1	 17.4	9	  1.6	 -4.2	3	NA	  7.7	  2.2	2	NA	5.2	NA	 6.4
479	2011	5	  4.0	  6.9	 16.5	9	  1.8	 -1.6	26	NA	 71.3	 23.2	9	NA	6.6	NA	 6.2
479	2011	6	  5.0	  7.1	 13.0	5	  3.4	  0.7	8	NA	 99.1	 46.5	29	NA	6.7	NA	 4.8
479	2011	7	 10.5	 13.9	 22.4	2	  7.5	  2.7	10	NA	 12.3	  4.4	25	NA	5.7	NA	 3.6
479	2011	8	  8.9	 11.2	 15.0	31	  6.7	  1.9	27	NA	 68.8	 22.1	15	NA	6.5	NA	 4.0
479	2011	9	  7.6	 10.3	 18.2	1	  5.5	  0.7	15	NA	 75.2	 22.5	8	NA	6.2	NA	 5.0
479	2011	10	  4.2	  6.5	 15.3	13	  1.8	 -3.6	12	NA	159.5	 27.5	31	NA	6.8	NA	 7.0
479	2011	11	  3.5	  6.0	 13.5	15	  1.2	 -7.2	27	NA	 77.3	 14.9	7	NA	5.5	NA	 5.9
479	2011	12	 -2.4	 -0.2	  5.2	19	 -5.3	-12.9	6	NA	 43.6	  6.1	5	NA	6.4	NA	 8.2
479	2012	1	  1.1	  3.3	 10.5	29	 -2.1	 -7.9	27	NA	 97.6	 13.3	18	NA	6.7	NA	 8.0
479	2012	2	  1.6	  4.8	 11.0	6	 -0.9	 -7.1	21	NA	 37.4	  9.2	2	NA	6.1	NA	 7.1
479	2012	3	  2.1	  5.3	 13.4	26	 -1.1	-13.3	18	NA	 54.2	 21.9	4	NA	5.8	NA	 7.5
479	2012	4	  0.6	  3.5	 15.0	30	 -1.8	 -9.5	3	NA	 44.5	  7.9	1	NA	6.3	NA	 5.2
479	2012	5	  4.6	  7.7	 18.0	25	  1.3	 -4.0	18	NA	 17.3	  5.8	14	NA	4.9	NA	 5.2
479	2012	6	  7.2	  9.4	 14.2	23	  4.3	  1.3	5	NA	 11.2	  4.3	7	NA	4.7	NA	 4.1
479	2012	7	 10.4	 13.2	 17.2	18	  7.4	  3.7	17	NA	 65.1	 41.8	24	NA	5.4	NA	 4.0
479	2012	8	 10.9	 14.2	 23.0	9	  8.6	  3.4	26	NA	 18.6	  5.0	27	NA	6.0	NA	 4.5
479	2012	9	  5.9	  8.5	 17.7	1	  4.0	  0.8	21	NA	178.1	 52.2	10	NA	6.7	NA	 7.2
479	2012	10	  2.0	  4.8	  9.5	9	  0.2	 -5.2	19	NA	 71.6	 13.8	2	NA	5.7	NA	 5.3
479	2012	11	  0.5	  2.2	  8.0	5	 -2.2	 -5.5	29	NA	 81.9	 17.4	3	NA	6.9	NA	 8.4
479	2012	12	 -0.5	  1.8	  6.0	21	 -2.3	 -9.2	27	NA	 60.8	 23.6	30	NA	6.1	NA	 7.0
479	2013	1	  1.5	  3.8	  9.9	10	 -1.1	 -6.5	1	NA	 31.4	  4.7	26	NA	6.2	NA	 6.5
479	2013	2	  2.2	  4.9	 12.0	25	 -0.1	 -6.0	2	NA	 17.2	  4.8	4	NA	6.0	NA	 5.2
479	2013	3	 -1.6	  1.1	 10.1	1	 -3.8	-10.1	6	NA	 43.7	 10.2	20	NA	6.4	NA	 6.3
479	2013	4	 -0.7	  1.7	  6.5	2	 -2.8	 -8.1	7	NA	 32.5	  5.5	4	NA	6.8	NA	 5.7
479	2013	5	  4.3	  7.2	 14.9	31	  1.9	 -5.4	1	NA	 86.4	 14.2	5	NA	6.4	NA	 5.1
479	2013	6	 10.3	 13.6	 20.5	4	  7.3	  0.4	29	NA	 10.6	  3.1	20	NA	5.3	NA	 4.0
479	2013	7	  9.9	 13.1	 20.5	21	  7.7	  3.6	4	NA	 50.5	 15.8	12	NA	6.5	NA	 4.0
479	2013	8	  9.5	 12.3	 18.5	22	  6.9	  2.7	7	NA	 67.1	 30.6	4	NA	6.6	NA	 5.2
479	2013	9	  6.1	  8.5	 16.0	8	  3.8	 -0.5	29	NA	117.2	 30.1	17	NA	6.3	NA	 5.3
479	2013	10	  3.2	  5.2	 16.1	11	  1.2	 -4.7	7	NA	124.0	 22.6	25	NA	6.6	NA	 5.2
479	2013	11	  0.8	  3.4	 10.5	26	 -2.3	 -8.0	20	NA	 67.9	 13.7	29	NA	6.6	NA	 7.9
479	2013	12	 -0.9	  1.6	 10.5	1	 -4.2	-13.5	6	NA	 94.2	 12.2	23	NA	6.4	NA	 8.1
479	2014	1	  1.9	  3.1	  5.4	22	  0.1	 -3.5	29	NA	 61.3	 13.3	6	NA	7.2	NA	 6.9
479	2014	2	  0.6	  1.8	  3.7	1	 -0.9	 -8.2	18	NA	 58.3	 13.5	8	NA	7.4	NA	 8.5
479	2014	3	  0.7	  3.2	 10.0	26	 -1.9	-11.9	18	NA	 75.3	 13.7	13	NA	6.4	NA	 7.2
479	2014	4	  2.8	  6.3	 14.2	24	 -0.2	 -4.4	29	NA	 18.5	  9.6	7	NA	5.5	NA	 5.3
479	2014	5	  6.0	  8.9	 15.4	28	  3.0	 -3.9	1	NA	 29.3	  9.2	19	NA	6.0	NA	 4.0
479	2014	6	 11.0	 14.1	 17.7	25	  8.6	  3.9	4	NA	 34.7	 11.9	4	NA	6.1	NA	 2.8
479	2014	7	 12.0	 14.9	 21.7	28	  9.7	  5.9	6	NA	 92.6	 23.5	5	NA	6.7	NA	 3.7
479	2014	8	 10.4	 12.8	 20.0	30	  7.4	  1.6	19	NA	 50.2	 22.6	9	NA	5.9	NA	 4.3
479	2014	9	  9.9	 12.5	 20.0	14	  6.7	  1.3	29	NA	 60.2	 12.4	28	NA	6.2	NA	 4.7
479	2014	10	  3.9	  5.6	 11.7	1	  1.5	 -5.0	25	NA	 69.8	 10.7	20	NA	6.9	NA	 6.9
479	2014	11	  3.6	  5.7	  9.5	20	  1.1	 -4.8	10	NA	 56.1	 14.8	1	NA	5.6	NA	 6.3
479	2014	12	 -0.1	  2.7	 10.6	29	 -3.2	 -8.4	8	NA	 78.5	 10.8	5	NA	6.8	NA	 8.9
479	2015	1	 -0.5	  2.6	  6.5	5	 -3.3	 -8.5	18	NA	 55.7	  8.2	16	NA	6.0	NA	 7.8
479	2015	2	 -0.5	  2.4	 11.1	8	 -3.7	-13.5	22	NA	 23.7	 10.0	20	NA	6.2	NA	 8.7
479	2015	3	  0.7	  2.9	 12.2	14	 -2.0	 -5.9	4	NA	 55.7	 11.7	20	NA	6.2	NA	 8.1
479	2015	4	  2.1	  5.2	 17.5	18	 -1.1	 -7.1	3	NA	 27.9	  6.3	28	NA	5.8	NA	 6.8
479	2015	5	  2.8	  5.4	 12.3	20	  0.7	 -3.7	5	NA	 41.8	  5.7	16	NA	7.1	NA	 5.2
479	2015	6	  6.8	  9.8	 19.0	26	  4.1	  0.0	13	NA	 33.5	 21.3	3	NA	5.7	NA	 5.1
479	2015	7	  6.9	  8.7	 12.5	12	  5.5	  2.5	29	NA	 58.9	 16.2	20	NA	7.4	NA	 4.0
479	2015	8	  9.3	 12.4	 22.7	24	  6.8	 -0.5	30	NA	128.4	 30.1	27	NA	6.5	NA	 4.5
479	2015	9	 10.1	 12.4	 21.5	7	  6.7	  1.2	26	NA	 53.1	 13.9	29	NA	6.5	NA	 4.9
479	2015	10	  4.7	  8.1	 13.6	17	  2.4	 -6.5	27	NA	 55.5	 11.1	23	NA	5.8	NA	 5.5
479	2015	11	  1.6	  4.0	  9.4	7	 -0.8	-10.5	20	NA	 53.3	  9.9	29	NA	6.0	NA	 6.6
479	2015	12	 -0.9	  2.0	  8.7	28	 -3.8	-14.7	26	NA	 77.7	 14.2	5	NA	6.1	NA	 8.3
479	2016	1	 -0.7	  1.6	  7.4	22	 -3.0	 -9.0	15	NA	 30.5	  6.5	14	NA	5.6	NA	 6.2
479	2016	2	 -1.6	  0.6	  5.8	16	 -4.3	-10.4	25	NA	 42.7	 21.7	20	NA	6.6	NA	 7.2
479	2016	3	  1.3	  3.9	 11.0	14	 -2.0	-10.4	30	NA	 41.8	 19.8	25	NA	5.6	NA	 6.1
479	2016	4	  2.0	  4.2	  7.5	20	 -1.2	 -6.9	19	NA	 46.0	  9.6	6	NA	6.1	NA	 5.6
479	2016	5	  5.5	  8.0	 16.2	24	  1.8	 -5.3	17	NA	 48.3	 14.2	7	NA	5.6	NA	 4.4
479	2016	6	 10.3	 13.7	 20.5	19	  7.5	  2.4	13	NA	 18.7	  8.3	29	NA	5.7	NA	 3.8
479	2016	7	  9.3	 11.5	 15.8	15	  7.5	  2.9	5	NA	 73.5	 14.3	21	NA	6.9	NA	 4.1
479	2016	8	 10.5	 13.2	 18.9	16	  7.1	  2.3	9	NA	 27.0	  9.2	31	NA	5.3	NA	 3.5
479	2016	9	  8.3	 10.8	 16.9	9	  5.2	  1.4	21	NA	135.8	 24.6	11	NA	5.6	NA	 4.9
479	2016	10	  7.5	 10.8	 16.7	6	  4.7	 -0.9	29	NA	 28.7	 14.9	30	NA	5.5	NA	 5.4
479	2016	11	  3.6	  6.1	 13.6	7	  0.6	 -3.0	6	NA	 65.6	 19.6	12	NA	6.4	NA	 6.6
479	2016	12	  3.0	  6.2	 11.4	18	  0.1	 -7.6	22	NA	 18.0	  5.4	12	NA	6.9	NA	 8.1
