#Mánaðarmeðaltöl fyrir stöð 468 - Reykjahlíð
stöð	 ár	mán	  t	  tx	  txx	txxD1	  tn	 tnn	tnnD1	 rh	 r	 rx	rxD1	 p	 n	sun	 f
468	1961	1	 -3.8	 -0.7	  7.7	15	 -6.3	-23.0	9	NA	 17.3	  5.7	19	NA	4.9	NA	 4.6
468	1961	2	 -2.7	 -0.2	 10.5	22	 -6.3	-20.0	3	NA	 29.1	  7.8	24	NA	5.4	NA	 2.3
468	1961	3	 -3.9	 -0.3	  8.3	7	 -7.4	-22.4	30	NA	 35.0	  7.0	28	NA	4.5	NA	 5.1
468	1961	4	 -2.8	  0.8	 10.7	29	 -7.0	-25.7	4	NA	 30.8	  5.2	15	NA	5.8	NA	 4.0
468	1961	5	  6.7	 10.3	 16.2	20	  3.0	 -6.2	25	NA	 20.4	  8.6	3	NA	5.3	NA	 4.1
468	1961	6	  6.6	 10.6	 14.9	21	  2.7	  0.0	7	NA	 55.6	 20.7	18	NA	5.9	NA	 4.0
468	1961	7	  9.7	 13.4	 20.4	19	  6.3	  1.8	4	NA	 43.1	  8.3	31	NA	6.8	NA	 2.7
468	1961	8	  8.8	 11.6	 15.3	12	  5.9	  1.5	25	NA	 61.2	 17.5	1	NA	6.6	NA	 3.1
468	1961	9	  7.3	 10.6	 16.6	9	  3.9	  0.0	24	NA	 75.4	 27.4	5	NA	5.8	NA	 4.1
468	1961	10	  3.1	  5.5	 11.6	2	  0.2	 -7.0	31	NA	 59.1	 21.3	26	NA	6.1	NA	 3.2
468	1961	11	 -1.3	  1.7	  8.5	14	 -4.9	-16.2	28	NA	 59.1	 11.2	30	NA	5.9	NA	 6.4
468	1961	12	 -6.6	 -3.4	  6.2	19	 -9.8	-20.4	31	NA	 58.1	  6.4	28	NA	6.2	NA	 3.1
468	1962	1	 -3.1	 -0.6	  6.7	29	 -6.8	-18.7	24	NA	 45.9	  8.0	9	NA	6.5	NA	 5.6
468	1962	2	 -4.2	 -0.5	  7.0	8	 -8.8	-19.0	6	NA	 23.4	  5.7	16	NA	5.4	NA	 2.5
468	1962	3	 -8.0	 -3.6	  8.2	18	-11.7	-28.0	15	NA	 33.5	  5.4	31	NA	5.1	NA	 2.3
468	1962	4	  1.5	  4.8	 15.7	28	 -2.1	-16.2	2	NA	 20.4	  5.4	6	NA	5.3	NA	 3.6
468	1962	5	  4.2	  7.8	 15.8	26	  0.8	 -6.2	30	NA	  5.2	  2.9	4	NA	5.9	NA	 4.5
468	1962	6	  7.4	 11.3	 20.4	29	  4.1	 -0.4	25	NA	 37.3	  6.1	17	NA	6.1	NA	 5.0
468	1962	7	 10.4	 14.7	 19.4	5	  6.5	  1.8	7	NA	 60.4	 30.7	31	NA	5.5	NA	 2.2
468	1962	8	  7.7	 10.7	 18.8	16	  4.9	 -0.4	13	NA	 44.4	  8.7	26	NA	7.1	NA	 1.4
468	1962	9	  5.1	  8.5	 12.8	20	  1.7	 -6.0	17	NA	 46.6	 13.2	29	NA	5.5	NA	 4.6
468	1962	10	  2.1	  4.7	 14.0	19	 -0.5	-11.4	31	NA	 36.7	  7.4	5	NA	6.1	NA	 4.6
468	1962	11	 -2.9	  0.4	  9.3	10	 -6.4	-18.9	16	NA	 25.1	  8.0	4	NA	5.4	NA	 3.0
468	1962	12	 -3.6	 -0.2	  8.3	22	 -7.2	-16.6	16	NA	 31.5	  9.3	6	NA	5.0	NA	 4.0
468	1963	1	 -6.9	 -3.7	  5.8	26	-10.6	-25.0	5	NA	  4.0	  2.8	24	NA	4.2	NA	 3.4
468	1963	2	 -3.7	 -0.6	  7.0	27	 -7.5	-17.7	5	NA	 22.4	  6.2	15	NA	5.8	NA	 3.3
468	1963	3	  1.2	  3.4	  7.8	2	 -1.5	 -7.4	8	NA	 22.7	  3.0	24	NA	5.4	NA	 3.6
468	1963	4	  0.2	  3.4	 10.6	25	 -3.4	-17.2	11	NA	 51.6	  8.1	12	NA	6.3	NA	 4.0
468	1963	5	  2.6	  5.7	 14.2	24	 -0.5	 -8.3	2	NA	 46.6	 17.4	9	NA	6.3	NA	 4.5
468	1963	6	 11.0	 15.9	 24.0	30	  6.6	  2.2	2	NA	 39.4	 10.6	18	NA	4.9	NA	 2.4
468	1963	7	  8.3	 13.4	 23.3	4	  5.0	 -1.4	20	NA	 28.5	  4.4	16	NA	5.6	NA	 3.2
468	1963	8	  7.7	 12.6	 17.9	1	  3.6	 -1.8	31	NA	  7.5	  2.9	14	NA	5.1	NA	 2.4
468	1963	9	  3.7	  6.8	 14.4	3	  0.7	 -9.2	29	NA	 84.1	 20.4	9	NA	5.7	NA	 3.6
468	1963	10	  2.3	  5.0	 11.6	27	 -0.8	 -7.0	1	NA	 18.9	 11.6	16	NA	5.0	NA	 4.4
468	1963	11	 -5.0	 -1.9	  8.6	29	 -8.6	-22.4	24	NA	 52.1	 10.1	11	NA	6.6	NA	 2.9
468	1963	12	 -2.4	  0.3	  5.6	22	 -5.7	-21.0	20	NA	 20.5	  4.0	2	NA	5.6	NA	 2.3
468	1964	1	 -0.9	  2.1	  8.4	7	 -4.3	-20.2	31	NA	 16.9	  4.3	26	NA	5.1	NA	 4.6
468	1964	2	 -0.4	  2.1	  6.7	26	 -3.5	-20.2	5	NA	  6.8	  3.8	4	NA	3.8	NA	 3.2
468	1964	3	  3.0	  6.1	 10.8	27	 -0.4	-10.0	2	NA	 13.4	  5.4	25	NA	4.7	NA	 4.6
468	1964	4	  1.2	  4.6	 12.8	27	 -2.1	 -7.4	19	NA	 14.4	  3.4	11	NA	5.6	NA	 3.8
468	1964	5	  5.3	  9.0	 17.7	19	  2.2	 -5.0	14	NA	 32.7	  8.6	2	NA	5.7	NA	 4.0
468	1964	6	  7.6	 11.8	 21.5	19	  3.7	 -2.2	18	NA	 24.6	  7.0	29	NA	5.0	NA	 4.0
468	1964	7	  9.9	 14.2	 22.0	21	  6.3	  0.0	10	NA	 43.0	 13.3	11	NA	5.5	NA	 2.8
468	1964	8	  6.9	 10.3	 20.0	9	  3.6	 -1.4	15	NA	 79.9	 14.4	23	NA	5.9	NA	 2.1
468	1964	9	  3.3	  6.4	 14.1	1	  0.5	 -5.7	8	NA	 31.2	  7.4	3	NA	5.8	NA	 2.2
468	1964	10	  2.4	  5.2	 12.9	3	 -0.6	-11.6	23	NA	 24.1	  8.4	9	NA	5.4	NA	 2.6
468	1964	11	 -1.2	  1.3	 10.2	2	 -4.5	-18.3	18	NA	 42.9	  8.4	17	NA	6.3	NA	 3.3
468	1964	12	 -6.0	 -3.0	  4.9	19	 -9.7	-18.8	13	NA	 52.0	 11.7	11	NA	6.2	NA	 3.8
468	1965	1	 -5.0	 -2.4	  4.0	27	 -8.3	-19.4	19	NA	 55.0	 13.1	24	NA	6.5	NA	 3.6
468	1965	2	 -0.8	  2.4	  8.1	18	 -3.8	-12.5	13	NA	 11.8	  8.4	13	NA	3.8	NA	 4.8
468	1965	3	 -7.4	 -2.2	 10.9	31	-13.0	-26.6	25	NA	  1.7	  1.4	28	NA	4.6	NA	 2.0
468	1965	4	 -0.1	  4.1	 13.4	30	 -3.9	-12.3	19	NA	 36.1	 14.3	15	NA	5.3	NA	 2.7
468	1965	5	  4.9	  8.9	 19.9	30	  0.8	 -5.6	4	NA	 13.8	  6.8	22	NA	4.7	NA	 3.1
468	1965	6	  8.0	 11.6	 21.9	10	  4.2	  0.1	18	NA	 31.3	  8.7	25	NA	5.2	NA	 3.4
468	1965	7	 10.4	 15.0	 20.2	24	  6.0	  0.2	26	NA	 16.8	  4.9	21	NA	4.7	NA	 1.4
468	1965	8	  8.7	 12.2	 19.7	14	  5.5	  0.1	30	NA	 38.4	  8.9	19	NA	5.9	NA	 2.9
468	1965	9	  3.5	  6.4	 14.8	1	  0.8	 -2.6	6	NA	 42.6	 12.2	13	NA	6.6	NA	 2.0
468	1965	10	  5.2	  8.0	 14.7	23	  2.2	 -7.7	29	NA	 27.4	  6.8	12	NA	5.3	NA	 4.1
468	1965	11	 -4.1	 -1.6	  9.7	4	 -7.0	-20.0	30	NA	 34.1	  5.2	25	NA	5.8	NA	 3.3
468	1965	12	 -7.6	 -4.9	  6.7	15	-11.7	-25.6	27	NA	 25.2	  5.9	18	NA	6.1	NA	 2.6
468	1966	1	 -6.8	 -3.7	  7.1	6	-10.2	-24.2	25	NA	 18.8	  4.7	31	NA	5.5	NA	 4.0
468	1966	2	 -9.0	 -5.6	  0.4	14	-12.1	-23.0	12	NA	 20.2	  4.6	23	NA	5.7	NA	 2.5
468	1966	3	 -5.5	 -2.3	  6.0	18	 -9.2	-20.4	25	NA	 31.9	  4.8	31	NA	5.8	NA	 3.6
468	1966	4	  0.1	  3.8	  7.5	26	 -3.4	-15.7	2	NA	 21.1	 13.8	28	NA	4.6	NA	 3.5
468	1966	5	  3.1	  6.0	 12.6	29	  0.4	-10.3	9	NA	 12.5	  1.9	7	NA	6.1	NA	 4.0
468	1966	6	 10.1	 13.8	 19.6	12	  6.6	  2.0	5	NA	 27.6	 15.6	30	NA	5.8	NA	 2.5
468	1966	7	  8.8	 12.6	 23.4	7	  6.3	  0.5	25	NA	 68.6	 33.4	24	NA	6.5	NA	 4.3
468	1966	8	  7.9	 11.6	 18.1	27	  4.7	  0.1	10	NA	 20.7	  7.3	4	NA	5.5	NA	 1.8
468	1966	9	  5.0	  8.2	 14.9	24	  2.1	 -3.4	15	NA	 17.5	  8.7	3	NA	6.1	NA	 4.3
468	1966	10	 -0.4	  2.0	  8.2	10	 -3.2	-14.1	31	NA	 24.9	  4.6	4	NA	6.0	NA	 2.1
468	1966	11	 -3.5	 -0.4	  7.6	18	 -7.8	-18.3	17	NA	 52.6	 10.7	28	NA	5.8	NA	 3.7
468	1966	12	 -6.2	 -3.5	  4.6	4	 -9.8	-15.8	25	NA	 49.8	 12.4	17	NA	7.1	NA	 3.6
468	1967	1	 -3.8	 -1.0	  8.0	15	 -7.3	-18.6	19	NA	 13.5	  4.4	16	NA	5.4	NA	 3.3
468	1967	2	 -2.0	  0.7	  7.2	14	 -4.4	-18.1	27	NA	 16.5	  4.7	28	NA	6.2	NA	 5.1
468	1967	3	 -8.7	 -4.9	  5.6	18	-13.2	-23.8	13	NA	 71.7	  9.6	18	NA	6.3	NA	 3.2
468	1967	4	 -1.0	  3.6	 13.2	7	 -5.9	-18.3	22	NA	 19.1	  6.4	5	NA	5.6	NA	 3.8
468	1967	5	  1.8	  5.4	 14.8	31	 -2.1	-11.6	1	NA	 15.1	  6.5	27	NA	5.4	NA	 1.9
468	1967	6	  7.8	 12.1	 18.7	13	  4.8	  0.4	6	NA	 32.6	  8.8	9	NA	5.6	NA	 3.5
468	1967	7	  7.7	 11.9	 20.8	13	  4.8	  0.4	29	NA	 74.8	 22.7	9	NA	5.6	NA	 1.9
468	1967	8	  9.1	 13.8	 18.6	6	  5.3	 -2.0	3	NA	 27.0	 16.6	9	NA	4.9	NA	 1.9
468	1967	9	  6.4	 11.1	 17.6	10	  3.4	 -3.4	6	NA	 32.2	 11.3	15	NA	4.8	NA	 3.0
468	1967	10	 -0.8	  1.4	  8.4	1	 -3.3	-13.5	17	NA	 63.9	 12.3	3	NA	6.7	NA	 3.1
468	1967	11	 -4.1	 -0.9	  8.3	18	 -8.0	-21.6	29	NA	 23.9	  6.6	12	NA	5.6	NA	 4.1
468	1967	12	 -5.3	 -2.0	  6.7	2	 -8.3	-17.8	8	NA	 76.3	 14.3	2	NA	6.6	NA	 2.5
468	1968	1	 -7.3	 -3.5	  3.3	24	-10.8	-22.6	2	NA	 39.0	  8.3	4	NA	6.8	NA	 3.6
468	1968	2	 -7.3	 -3.2	  8.2	28	-11.5	-25.0	2	NA	 19.3	  4.2	8	NA	6.1	NA	 3.9
468	1968	3	 -6.4	 -2.8	  7.6	7	-10.5	-24.0	25	NA	 29.9	  5.8	10	NA	5.8	NA	 4.3
468	1968	4	 -1.2	  3.0	 11.7	22	 -5.5	-23.4	1	NA	 22.8	  8.0	20	NA	4.9	NA	 2.4
468	1968	5	  1.8	  5.6	 16.7	26	 -3.0	-16.1	1	NA	  9.2	  3.1	12	NA	3.5	NA	 2.1
468	1968	6	  6.4	 10.2	 16.5	11	  3.0	 -1.7	24	NA	 29.3	  9.8	5	NA	6.6	NA	 3.8
468	1968	7	 12.0	 16.4	 22.5	19	  7.0	  1.9	2	NA	 45.3	  8.2	2	NA	4.1	NA	 1.8
468	1968	8	  9.4	 13.1	 23.1	5	  5.8	 -0.6	14	NA	 47.9	  9.6	30	NA	5.2	NA	 4.1
468	1968	9	  7.3	 10.5	 18.7	13	  4.6	 -4.6	30	NA	 25.4	  3.7	11	NA	6.5	NA	 2.9
468	1968	10	 -2.2	  0.0	  6.1	19	 -5.0	-14.8	30	NA	 28.7	  4.7	16	NA	5.8	NA	 3.3
468	1968	11	  1.1	  3.1	  9.6	13	 -2.4	-21.6	2	NA	 50.1	 24.2	5	NA	6.0	NA	 3.2
468	1968	12	 -4.5	 -1.3	  7.4	7	 -8.0	-21.0	19	NA	 14.6	  2.7	23	NA	5.5	NA	 2.5
468	1969	1	 -5.7	 -3.6	  5.4	1	 -8.2	-21.1	31	NA	 29.4	  4.9	3	NA	7.0	NA	 3.5
468	1969	2	 -8.9	 -4.4	  4.8	28	-13.3	-26.6	20	NA	 40.7	 10.9	11	NA	5.4	NA	 2.2
468	1969	3	 -5.7	 -1.1	  8.4	16	 -9.8	-30.9	9	NA	 19.0	  6.4	6	NA	5.0	NA	 2.1
468	1969	4	 -1.7	  2.7	 11.7	18	 -5.8	-18.2	13	NA	 30.4	  6.2	26	NA	5.3	NA	 3.1
468	1969	5	  3.5	  8.0	 17.2	26	 -0.2	 -8.4	13	NA	  3.0	  1.7	6	NA	4.2	NA	 2.4
468	1969	6	  9.6	 14.1	 20.5	23	  6.0	 -1.3	2	NA	 46.4	 17.4	30	NA	5.0	NA	 3.3
468	1969	7	  8.9	 13.1	 20.0	9	  5.7	  1.8	5	NA	 73.2	 17.3	3	NA	5.6	NA	 3.7
468	1969	8	 10.7	 15.0	 19.7	14	  7.5	  1.2	22	NA	 36.1	  7.4	29	NA	5.4	NA	 3.7
468	1969	9	  4.5	  8.0	 15.9	17	  1.4	 -6.7	30	NA	 26.8	  6.7	3	NA	5.8	NA	 3.3
468	1969	10	  1.0	  3.4	  9.3	22	 -1.4	-12.3	1	NA	 36.3	  6.9	12	NA	5.3	NA	 3.0
468	1969	11	 -6.5	 -3.5	  4.3	17	 -9.9	-19.2	15	NA	 37.6	  6.7	14	NA	5.9	NA	 2.4
468	1969	12	 -3.8	 -0.9	  6.4	27	 -7.7	-21.4	3	NA	 17.9	  7.3	25	NA	6.2	NA	 2.4
468	1970	1	 -3.1	 -0.6	  7.8	20	 -5.7	-28.0	9	NA	 53.4	 15.7	10	NA	5.6	NA	 2.7
468	1970	2	 -7.0	 -3.8	  5.3	27	-10.9	-21.4	11	NA	 34.5	  6.7	2	NA	6.0	NA	 3.6
468	1970	3	 -6.9	 -3.0	  9.2	14	-10.9	-17.2	20	NA	 64.3	 12.3	13	NA	6.2	NA	 2.6
468	1970	4	 -1.4	  2.9	  8.8	30	 -6.6	-13.2	10	NA	  8.8	  3.4	15	NA	5.1	NA	 1.0
468	1970	5	  4.1	  7.8	 13.8	8	  1.1	 -3.3	1	NA	 30.1	 15.7	2	NA	5.9	NA	 3.3
468	1970	6	 10.2	 15.1	 21.8	20	  6.0	  0.0	5	NA	 10.6	  4.5	24	NA	4.4	NA	 3.4
468	1970	7	  6.5	 10.1	 19.2	26	  3.6	 -1.6	24	NA	 78.7	 20.0	10	NA	6.2	NA	 2.5
468	1970	8	  9.0	 13.2	 20.0	20	  5.2	 -1.4	10	NA	 57.0	 15.8	15	NA	5.1	NA	 2.0
468	1970	9	  4.6	  7.7	 15.0	23	  1.5	 -3.6	15	NA	 32.4	  8.7	2	NA	5.6	NA	 3.1
468	1970	10	 -0.2	  2.5	 12.3	13	 -3.4	-17.1	27	NA	 67.3	 19.2	9	NA	6.4	NA	 2.6
468	1970	11	 -3.9	 -1.3	  5.3	27	 -8.1	-18.3	22	NA	 36.9	 10.7	9	NA	6.3	NA	 1.9
468	1970	12	 -2.6	  0.8	  8.4	9	 -5.6	-19.2	20	NA	 50.3	  7.8	2	NA	5.8	NA	 3.3
468	1971	1	 -8.6	 -5.2	  6.8	13	-12.6	-30.3	30	NA	 18.8	  4.2	3	NA	6.0	NA	 1.9
468	1971	2	 -3.1	  0.3	  7.5	25	 -6.5	-21.2	19	NA	 28.8	  7.2	13	NA	6.7	NA	 2.8
468	1971	3	 -2.3	  0.9	  7.2	27	 -6.0	-16.5	19	NA	 23.7	  6.1	12	NA	6.3	NA	 2.5
468	1971	4	 -0.1	  4.0	 10.4	12	 -3.6	 -8.4	7	NA	 17.0	  4.9	2	NA	6.2	NA	 2.7
468	1971	5	  5.5	  9.3	 14.7	31	  2.3	 -2.0	28	NA	 31.5	  5.9	18	NA	5.7	NA	 2.8
468	1971	6	  7.7	 11.8	 21.0	4	  3.1	  0.0	15	NA	 10.3	  6.1	28	NA	4.5	NA	 2.0
468	1971	7	 10.2	 14.7	 20.4	18	  6.3	  2.6	9	NA	 51.2	 11.1	1	NA	4.7	NA	 2.0
468	1971	8	  8.0	 12.7	 21.5	15	  4.8	 -1.1	28	NA	 73.4	 44.0	27	NA	4.9	NA	 3.6
468	1971	9	  5.4	  8.7	 15.2	5	  2.6	 -8.0	23	NA	 55.0	 10.2	29	NA	6.4	NA	 2.7
468	1971	10	  1.0	  3.5	 12.6	27	 -1.5	 -9.5	13	NA	 29.8	  7.4	12	NA	6.2	NA	 2.9
468	1971	11	 -4.0	 -0.8	  9.3	24	 -7.2	-18.2	18	NA	 32.0	 11.4	18	NA	7.0	NA	 2.8
468	1971	12	 -3.9	 -1.0	  7.2	31	 -7.7	-18.0	24	NA	 42.8	  7.2	14	NA	6.4	NA	 3.3
468	1972	1	 -0.1	  2.0	  7.2	1	 -2.0	-12.4	27	NA	 19.3	  4.2	25	NA	6.1	NA	 2.9
468	1972	2	 -1.6	  1.1	  8.6	20	 -4.9	-24.0	16	NA	  7.0	  3.6	5	NA	5.9	NA	 3.8
468	1972	3	 -0.4	  2.8	  9.4	24	 -4.0	-10.7	23	NA	 24.7	  8.4	19	NA	5.7	NA	 4.6
468	1972	4	  0.6	  4.4	 13.4	22	 -3.0	-18.3	9	NA	 24.2	  6.0	3	NA	6.2	NA	 2.6
468	1972	5	  6.4	  9.8	 17.3	21	  2.8	-10.0	1	NA	 21.3	 14.2	26	NA	5.5	NA	 4.9
468	1972	6	  7.3	 10.9	 17.0	12	  4.0	  0.0	6	NA	 66.1	 14.1	16	NA	6.6	NA	 2.6
468	1972	7	 10.0	 14.1	 20.0	27	  7.0	  3.2	4	NA	 38.8	 16.5	3	NA	6.1	NA	 2.6
468	1972	8	  8.1	 12.0	 18.5	12	  4.7	 -1.0	10	NA	 59.2	  7.7	31	NA	5.7	NA	 2.4
468	1972	9	  6.1	  9.5	 17.0	17	  3.2	 -1.2	12	NA	 64.6	 18.0	10	NA	6.0	NA	 2.8
468	1972	10	  1.9	  4.8	 10.8	12	 -1.0	 -7.6	24	NA	 49.6	 18.0	28	NA	5.2	NA	 3.5
468	1972	11	 -3.0	 -0.9	  6.0	26	 -5.6	-16.0	22	NA	 99.3	 20.6	11	NA	6.4	NA	 4.3
468	1972	12	 -1.6	  1.0	  9.0	19	 -3.8	-11.2	30	NA	 23.7	  3.4	8	NA	6.4	NA	 5.3
468	1973	1	  0.0	  2.5	  8.0	10	 -2.5	-13.5	27	NA	 21.1	 10.1	17	NA	5.4	NA	 3.2
468	1973	2	 -7.5	 -4.3	  5.5	3	-11.7	-25.8	25	NA	 50.2	 14.2	13	NA	5.6	NA	 4.1
468	1973	3	 -0.7	  2.7	  8.8	26	 -4.0	-14.5	31	NA	  7.5	  4.0	31	NA	5.5	NA	 3.0
468	1973	4	 -0.2	  3.1	 11.5	23	 -3.5	-19.0	2	NA	 32.4	 11.3	5	NA	5.6	NA	 3.1
468	1973	5	  2.5	  5.9	 14.5	26	 -0.8	 -7.0	3	NA	 47.3	 20.1	29	NA	5.3	NA	 2.1
468	1973	6	  5.7	  8.8	 15.5	17	  3.0	 -5.0	10	NA	 39.6	 10.4	23	NA	6.6	NA	 2.4
468	1973	7	 10.3	 15.3	 22.5	11	  6.0	  2.5	1	NA	 12.2	  4.4	6	NA	4.7	NA	 1.6
468	1973	8	  8.6	 12.8	 20.5	24	  5.4	  0.0	19	NA	 51.7	 25.0	6	NA	5.6	NA	 2.1
468	1973	9	  6.9	 10.8	 19.0	11	  4.2	 -2.0	28	NA	 46.0	 10.2	1	NA	5.5	NA	 3.2
468	1973	10	  1.0	  4.3	 15.2	2	 -1.9	-13.5	19	NA	 42.5	 21.5	8	NA	5.1	NA	 3.1
468	1973	11	 -7.8	 -5.1	  4.5	7	-12.2	-26.0	17	NA	 56.2	 10.8	7	NA	5.8	NA	 2.2
468	1973	12	 -8.7	 -4.8	  5.2	2	-12.9	-27.5	21	NA	 60.7	 10.0	16	NA	6.4	NA	 3.7
468	1974	1	 -1.2	  1.1	  5.0	6	 -4.2	-14.0	17	NA	 26.5	  4.8	6	NA	6.0	NA	 4.4
468	1974	2	 -3.6	 -1.1	  7.0	26	 -6.5	-23.0	16	NA	 37.5	 10.0	10	NA	5.8	NA	 5.0
468	1974	3	  1.9	  4.3	  9.0	31	 -0.9	 -8.0	20	NA	  0.2	  0.2	17	NA	5.1	NA	 3.2
468	1974	4	  4.6	  7.7	 13.0	26	  1.5	 -6.4	7	NA	 12.9	 10.0	8	NA	5.4	NA	 4.3
468	1974	5	  5.6	  9.4	 15.0	18	  2.3	 -5.0	27	NA	  9.0	  3.0	23	NA	5.7	NA	 3.6
468	1974	6	  8.6	 12.5	 25.6	23	  5.2	 -0.2	8	NA	 32.9	 12.0	10	NA	5.7	NA	 2.9
468	1974	7	  9.0	 13.5	 22.2	25	  5.4	  2.0	13	NA	 62.8	 23.3	23	NA	5.5	NA	 2.6
468	1974	8	  7.6	 11.3	 18.5	6	  4.7	  0.0	30	NA	 62.8	 23.1	25	NA	5.9	NA	 1.9
468	1974	9	  3.4	  5.9	 14.0	3	  0.8	 -9.5	30	NA	 88.4	 19.6	27	NA	6.5	NA	 3.3
468	1974	10	  1.4	  4.7	 10.2	14	 -1.8	-10.5	28	NA	 40.8	  6.8	26	NA	4.5	NA	 2.8
468	1974	11	 -1.1	  1.1	  9.0	4	 -3.6	-12.6	17	NA	 35.9	  9.7	13	NA	5.6	NA	 3.1
468	1974	12	 -7.1	 -4.0	  4.5	30	-10.6	-24.6	22	NA	 45.7	  6.2	20	NA	5.7	NA	 5.6
468	1975	1	 -8.5	 -4.9	  6.5	2	-12.9	-25.0	8	NA	 47.7	 19.9	15	NA	5.7	NA	 5.8
468	1975	2	 -0.6	  1.9	  7.0	28	 -3.3	-12.0	14	NA	 13.6	  5.5	22	NA	5.1	NA	 3.6
468	1975	3	 -3.5	 -0.2	  6.6	19	 -6.9	-18.0	26	NA	 26.1	  7.1	8	NA	5.6	NA	 4.1
468	1975	4	 -1.1	  2.2	 10.5	4	 -4.7	-17.5	12	NA	 17.3	  3.9	7	NA	4.9	NA	 3.7
468	1975	5	  4.9	  9.3	 20.6	23	  1.2	-10.0	12	NA	  7.0	  4.5	11	NA	4.4	NA	 4.1
468	1975	6	  5.6	  9.2	 18.6	9	  2.2	 -5.0	1	NA	 23.7	  5.0	8	NA	6.1	NA	 3.3
468	1975	7	 11.1	 15.7	 23.0	5	  7.2	  2.0	24	NA	 34.0	 10.0	23	NA	5.2	NA	 3.3
468	1975	8	 10.8	 15.9	 24.0	12	  7.3	  1.5	21	NA	 23.8	  8.1	6	NA	5.1	NA	 3.1
468	1975	9	  2.5	  5.5	 15.0	3	 -0.5	-11.5	30	NA	 19.2	  4.2	9	NA	5.7	NA	 2.8
468	1975	10	  2.8	  5.0	 12.0	11	  0.2	 -7.6	31	NA	 40.5	  7.7	6	NA	6.4	NA	 1.7
468	1975	11	 -0.8	  2.0	 11.0	7	 -4.0	-14.0	16	NA	 39.2	  9.0	23	NA	5.9	NA	 3.2
468	1975	12	 -4.8	 -0.5	  6.5	13	 -9.3	-21.5	24	NA	 38.0	  6.0	31	NA	5.3	NA	 5.5
468	1976	1	 -6.6	 -3.4	  5.0	17	-11.2	-23.0	12	NA	 22.0	  4.6	7	NA	5.6	NA	 3.7
468	1976	2	 -1.9	  1.3	  7.6	20	 -4.9	-15.0	12	NA	 20.0	  8.9	22	NA	4.9	NA	 5.6
468	1976	3	 -0.1	  2.3	  8.5	23	 -3.1	-14.5	1	NA	 16.3	  6.2	12	NA	4.9	NA	 6.2
468	1976	4	  0.7	  4.1	 12.6	22	 -3.4	-12.0	1	NA	 15.7	  3.6	11	NA	6.1	NA	 3.3
468	1976	5	  4.4	  8.0	 17.6	27	  0.9	 -9.0	5	NA	 27.4	  5.9	15	NA	5.3	NA	 3.3
468	1976	6	  9.6	 13.9	 17.8	2	  5.8	  0.5	1	NA	 41.6	 11.2	7	NA	5.1	NA	 3.8
468	1976	7	 12.1	 16.7	 22.5	9	  8.4	  2.6	30	NA	 37.3	 12.2	18	NA	5.5	NA	 2.9
468	1976	8	 10.9	 15.0	 19.6	3	  7.3	  1.5	30	NA	 37.0	 11.2	1	NA	5.2	NA	 5.6
468	1976	9	  6.8	 12.6	 18.8	14	  2.8	 -4.0	9	NA	  0.2	  0.1	6	NA	4.0	NA	 2.5
468	1976	10	  3.5	  5.6	 11.5	1	  1.5	 -4.0	16	NA	 42.7	 10.8	7	NA	5.8	NA	 3.5
468	1976	11	  0.4	  2.5	 10.0	19	 -2.3	-10.5	22	NA	 37.9	  6.7	25	NA	6.5	NA	 5.7
468	1976	12	 -7.0	 -3.9	  6.4	11	-10.5	-23.0	31	NA	 65.7	 21.5	2	NA	4.5	NA	 2.9
468	1977	1	 -4.6	 -2.2	  8.0	3	 -7.8	-26.2	1	NA	 44.1	  7.4	9	NA	6.3	NA	 5.7
468	1977	2	 -6.0	 -2.8	  3.2	18	-10.0	-20.0	9	NA	 11.0	  3.5	1	NA	4.2	NA	 2.5
468	1977	3	 -2.0	  1.0	  7.2	21	 -5.3	-16.8	27	NA	 40.3	  9.6	12	NA	5.5	NA	 2.8
468	1977	4	 -3.0	 -0.1	  7.5	8	 -6.5	-19.5	17	NA	 35.8	  6.2	18	NA	5.5	NA	 4.1
468	1977	5	  4.7	  7.7	 17.2	26	  1.0	 -8.2	1	NA	  0.7	  0.3	5	NA	4.8	NA	 3.0
468	1977	6	  8.2	 12.1	 23.5	17	  4.3	 -3.0	9	NA	 13.4	  3.7	23	NA	6.3	NA	 2.5
468	1977	7	 11.2	 15.8	 21.2	26	  7.5	  2.5	3	NA	 36.7	  7.2	5	NA	5.6	NA	 2.6
468	1977	8	  9.0	 13.3	 21.5	14	  5.3	 -1.5	31	NA	 45.6	 16.4	5	NA	5.2	NA	 2.8
468	1977	9	  5.5	  9.4	 17.5	20	  2.4	 -4.4	9	NA	 29.1	 14.8	27	NA	4.6	NA	 3.4
468	1977	10	  1.8	  3.7	  9.0	19	 -0.6	 -5.0	8	NA	 76.0	 13.0	29	NA	6.6	NA	 3.1
468	1977	11	 -4.2	 -1.8	  5.0	27	 -6.9	-16.2	24	NA	 80.1	 15.3	20	NA	6.5	NA	 4.3
468	1977	12	 -2.6	  1.0	 10.6	4	 -6.1	-24.0	19	NA	 28.8	  6.7	30	NA	5.4	NA	 3.8
468	1978	1	 -6.0	 -2.9	  6.5	14	-10.2	-20.8	28	NA	 20.2	  5.1	25	NA	5.3	NA	 5.8
468	1978	2	 -6.2	 -3.8	  3.0	5	 -8.8	-19.2	15	NA	 28.3	  5.4	27	NA	6.8	NA	 2.9
468	1978	3	 -2.5	  0.0	  7.2	18	 -6.3	-23.5	5	NA	 43.5	  7.8	28	NA	5.9	NA	 5.6
468	1978	4	  0.6	  3.6	  9.8	16	 -2.9	-14.2	12	NA	 15.5	  6.9	15	NA	4.7	NA	 3.2
468	1978	5	  5.2	  9.2	 17.6	7	  1.2	 -8.0	4	NA	 24.5	 10.2	23	NA	5.1	NA	 4.1
468	1978	6	  7.3	 11.1	 18.5	12	  3.7	 -0.5	20	NA	 25.4	  8.5	8	NA	5.5	NA	 4.0
468	1978	7	 10.0	 13.8	 21.0	10	  6.5	  2.0	3	NA	 45.5	 12.0	26	NA	5.8	NA	 1.9
468	1978	8	 11.6	 16.1	 22.0	3	  7.5	  1.1	25	NA	 19.6	  6.3	30	NA	5.4	NA	 2.3
468	1978	9	  5.1	  8.3	 15.6	4	  2.4	 -2.0	17	NA	 22.6	  6.0	15	NA	5.9	NA	 3.2
468	1978	10	  1.8	  4.4	  9.8	17	 -1.5	 -9.0	20	NA	 39.1	  8.8	4	NA	5.1	NA	 4.8
468	1978	11	 -3.0	  0.1	  8.5	7	 -6.8	-16.5	25	NA	 60.2	 12.8	29	NA	5.4	NA	 3.6
468	1978	12	 -1.9	  0.2	  5.6	12	 -4.6	-18.4	22	NA	 12.7	  4.0	21	NA	6.1	NA	 3.9
468	1979	1	 -8.6	 -5.3	  3.2	18	-12.9	-27.5	13	NA	 41.1	  4.5	15	NA	5.4	NA	 4.0
468	1979	2	 -5.0	 -1.3	  7.0	19	NA	NA	NA	NA	 19.0	  7.7	1	NA	4.7	NA	 2.7
468	1979	3	 -9.8	 -6.0	  5.5	18	-14.3	-23.5	7	NA	 53.2	 15.5	9	NA	4.1	NA	 2.7
468	1979	4	 -1.6	  0.8	  8.6	18	 -4.7	-12.5	7	NA	 56.2	 12.1	2	NA	6.2	NA	 3.7
468	1979	5	 -2.9	 -0.4	 10.5	31	 -5.7	-15.2	19	NA	 29.6	  4.8	22	NA	5.5	NA	 3.7
468	1979	6	  7.5	 11.6	 16.5	27	  4.0	  0.0	6	NA	 39.6	  7.8	21	NA	6.0	NA	 3.4
468	1979	7	  8.0	 12.3	 19.2	27	  4.5	  1.0	5	NA	 20.0	  5.0	17	NA	5.7	NA	 3.1
468	1979	8	  7.5	 11.3	 16.5	13	  4.3	 -1.0	30	NA	 21.4	  5.2	29	NA	5.8	NA	 2.2
468	1979	9	  1.9	  4.0	 10.4	9	 -0.8	 -7.0	21	NA	 73.2	 22.3	6	NA	6.3	NA	 3.0
468	1979	10	  2.5	  4.9	 12.0	1	  0.1	 -8.5	14	NA	 17.9	  3.4	11	NA	5.7	NA	 5.1
468	1979	11	 -2.6	 -0.7	  5.6	20	 -5.8	-19.0	9	NA	 48.2	 10.7	11	NA	5.8	NA	 4.4
468	1979	12	 -3.5	 -0.9	  7.2	20	 -6.5	-18.5	7	NA	 13.9	  9.9	29	NA	5.3	NA	 3.9
468	1980	1	 -4.9	 -1.8	  6.8	8	 -8.9	-20.0	1	NA	 21.6	  8.8	22	NA	5.2	NA	 4.4
468	1980	2	 -2.9	  0.7	  9.0	23	 -7.1	-26.0	3	NA	 20.3	  7.0	14	NA	4.8	NA	 2.9
468	1980	3	 -1.9	  0.7	  6.5	15	 -5.5	-15.0	2	NA	 19.6	  6.7	22	NA	5.1	NA	 3.6
468	1980	4	  1.9	  5.3	 10.2	12	 -1.2	 -9.5	3	NA	 17.4	  7.6	4	NA	5.1	NA	 5.8
468	1980	5	  6.5	 10.3	 21.5	22	  2.5	 -7.5	7	NA	 11.2	  5.2	31	NA	4.6	NA	 3.5
468	1980	6	  9.1	 13.4	 22.8	11	  4.8	  1.0	1	NA	 60.6	 20.2	21	NA	5.0	NA	 1.6
468	1980	7	 10.3	 14.2	 23.6	31	  6.6	  2.5	27	NA	 22.5	  6.9	24	NA	6.0	NA	 2.1
468	1980	8	  9.3	 13.1	 22.0	1	  6.4	  0.0	27	NA	 57.3	 14.0	12	NA	5.3	NA	 2.3
468	1980	9	  5.5	  8.6	 15.2	1	  2.7	 -2.5	19	NA	 34.6	  9.6	17	NA	5.6	NA	 2.9
468	1980	10	 -1.5	  0.1	 10.2	31	 -4.5	-14.5	25	NA	 30.5	 11.4	8	NA	6.2	NA	 4.1
468	1980	11	 -3.1	 -0.3	  9.6	30	 -6.6	-19.0	14	NA	 41.4	  8.4	16	NA	4.7	NA	 3.6
468	1980	12	 -6.7	 -3.5	  7.6	4	-10.7	-25.2	19	NA	 42.6	 11.6	28	NA	6.4	NA	 5.4
468	1981	1	 -6.6	 -2.7	  7.2	26	-11.5	-28.2	25	NA	 50.5	  8.7	4	NA	5.8	NA	 4.3
468	1981	2	 -5.1	 -1.3	  7.0	26	 -9.7	-21.5	10	NA	  9.3	  2.6	3	NA	4.1	NA	 4.8
468	1981	3	 -4.3	 -2.5	  8.5	31	 -7.4	-19.2	20	NA	 82.0	 15.0	22	NA	6.1	NA	 5.9
468	1981	4	  1.5	  4.9	 13.2	18	 -2.0	-11.5	30	NA	 14.2	  5.2	29	NA	4.2	NA	 3.0
468	1981	5	  3.6	  7.2	 15.0	14	  0.3	-10.0	1	NA	  8.9	  3.2	24	NA	5.5	NA	 3.1
468	1981	6	  6.8	 10.4	 17.8	26	  3.3	 -3.5	9	NA	 38.1	 10.0	14	NA	5.7	NA	 2.8
468	1981	7	  8.8	 13.1	 24.0	24	  5.5	  0.0	1	NA	 50.3	 20.0	15	NA	6.1	NA	 2.0
468	1981	8	 10.3	 14.5	 21.0	2	  6.3	  0.0	20	NA	 82.8	 17.5	29	NA	5.4	NA	 2.5
468	1981	9	  4.9	  7.3	 16.6	1	  2.2	 -4.6	30	NA	 77.1	 25.0	11	NA	6.5	NA	 4.0
468	1981	10	 -2.2	 -0.9	  4.5	22	 -4.8	-12.5	16	NA	 54.4	  5.4	11	NA	6.4	NA	 4.8
468	1981	11	 -3.8	 -0.5	  8.5	8	 -8.2	-24.0	20	NA	 63.0	 11.0	23	NA	5.6	NA	 3.4
468	1981	12	 -5.4	 -2.8	  8.0	2	 -8.8	-24.0	22	NA	 71.3	 17.0	8	NA	6.2	NA	 5.4
468	1982	1	 -5.2	 -2.8	  5.8	12	 -8.4	-20.0	8	NA	 45.0	  7.5	21	NA	6.0	NA	 2.6
468	1982	2	 -0.4	  1.7	  6.5	17	 -3.6	-10.0	8	NA	 40.8	  8.7	28	NA	5.4	NA	 4.8
468	1982	3	 -2.6	  0.8	  8.2	23	 -6.6	-17.5	4	NA	 38.5	 16.0	14	NA	4.5	NA	 3.8
468	1982	4	  0.9	  3.9	 11.6	19	 -2.1	-11.5	8	NA	 12.4	  4.5	2	NA	5.4	NA	 3.9
468	1982	5	  1.8	  4.7	 12.6	13	 -1.0	-13.5	5	NA	 24.0	  5.6	15	NA	6.1	NA	 3.2
468	1982	6	  9.9	 14.6	 23.2	6	  4.3	 -1.5	13	NA	  9.2	  4.6	24	NA	3.8	NA	 2.8
468	1982	7	 10.5	 14.6	 19.5	16	  7.6	  2.2	25	NA	 33.1	  6.8	10	NA	5.7	NA	 3.1
468	1982	8	  8.0	 11.8	 22.2	6	  4.5	 -1.6	28	NA	 51.7	 11.2	10	NA	5.7	NA	 2.4
468	1982	9	  3.3	  6.0	 10.8	6	  0.4	 -6.5	22	NA	 32.6	  9.0	10	NA	6.2	NA	 3.2
468	1982	10	  2.3	  4.7	  9.2	7	 -0.4	-10.0	25	NA	 98.0	 23.4	25	NA	5.9	NA	 2.6
468	1982	11	 -4.0	 -1.2	  8.2	5	 -7.8	-19.8	26	NA	 30.3	  7.4	10	NA	4.7	NA	 3.4
468	1982	12	 -5.2	 -1.8	  8.6	29	 -9.5	-22.6	18	NA	 78.3	 32.2	20	NA	5.4	NA	 4.8
468	1983	1	 -6.1	 -2.3	  8.0	22	-10.3	-21.5	17	NA	 45.3	  7.8	9	NA	5.0	NA	 4.8
468	1983	2	 -1.6	  2.2	  9.2	26	 -5.1	-20.0	2	NA	 17.4	  8.0	6	NA	4.7	NA	 5.2
468	1983	3	 -3.4	 -0.4	 10.2	1	 -7.6	-20.5	10	NA	 41.5	  5.3	22	NA	5.7	NA	 3.8
468	1983	4	 -4.6	 -1.6	  6.4	12	 -8.2	-21.5	9	NA	 49.7	  9.1	16	NA	5.4	NA	 3.9
468	1983	5	  1.9	  4.4	 12.0	27	 -0.4	 -3.0	8	NA	 15.6	  4.5	10	NA	6.5	NA	 2.1
468	1983	6	  7.7	 11.1	 19.8	30	NA	 -3.5	8	NA	 69.9	 17.3	11	NA	5.6	NA	 3.5
468	1983	7	  9.5	 14.1	 19.6	25	NA	  0.0	19	NA	 70.2	 13.0	4	NA	5.7	NA	 2.9
468	1983	8	  9.2	 13.0	 18.5	24	  5.2	 -1.2	30	NA	 62.6	 16.0	15	NA	5.6	NA	 4.0
468	1983	9	  3.4	  6.8	 16.4	13	  0.0	-10.0	29	NA	 13.3	  4.0	15	NA	4.9	NA	 2.4
468	1983	10	 -0.2	  2.2	  5.5	29	 -4.3	-12.5	28	NA	112.3	 20.5	30	NA	5.9	NA	 4.9
468	1983	11	 -2.4	  0.5	  9.0	13	 -6.5	-18.5	29	NA	 49.8	 16.8	7	NA	5.5	NA	 3.3
468	1983	12	 -4.4	 -1.3	  9.5	1	 -7.5	-21.0	23	NA	 24.9	  6.0	7	NA	5.4	NA	 3.6
468	1984	1	 -7.2	 -4.2	  4.5	9	-12.4	-24.5	15	NA	 29.2	  7.7	4	NA	5.7	NA	 3.1
468	1984	2	 -2.3	  0.7	  7.2	25	 -6.6	-20.0	6	NA	 40.4	 14.4	20	NA	5.3	NA	 4.5
468	1984	3	 -1.4	  1.1	  8.5	10	 -5.1	-26.5	1	NA	 18.1	  4.4	6	NA	4.9	NA	 4.2
468	1984	4	  2.1	  4.5	 13.5	27	 -0.7	 -8.4	12	NA	 41.1	 10.2	14	NA	5.1	NA	 4.7
468	1984	5	  4.7	  8.5	 18.5	27	  1.5	 -7.5	6	NA	 33.5	  9.9	20	NA	5.7	NA	 3.8
468	1984	6	 10.2	 14.9	 22.5	7	  6.0	  0.5	22	NA	 18.5	  6.5	26	NA	5.1	NA	 2.8
468	1984	7	 13.0	 16.8	 22.0	17	  9.3	  4.5	8	NA	 36.5	  6.8	7	NA	5.7	NA	 1.6
468	1984	8	 11.1	 15.3	 22.2	25	  6.8	  0.5	31	NA	 49.1	 17.0	28	NA	4.8	NA	 3.4
468	1984	9	  5.4	  9.4	 16.0	4	  2.2	 -3.0	12	NA	 29.1	  8.5	13	NA	5.4	NA	 2.8
468	1984	10	  0.3	  2.2	  7.2	15	 -2.0	 -5.8	19	NA	 68.4	 18.7	30	NA	6.6	NA	 2.4
468	1984	11	 -2.2	  0.3	  6.5	15	 -6.0	-18.8	5	NA	 33.7	 10.5	10	NA	5.9	NA	 2.5
468	1984	12	 -1.7	  1.8	  8.6	11	 -5.6	-16.0	2	NA	 34.5	 11.2	17	NA	4.8	NA	 3.3
468	1985	1	 -5.9	 -2.6	  9.4	12	 -9.8	-21.0	25	NA	 30.7	 13.2	21	NA	4.6	NA	 1.7
468	1985	2	 -3.5	 -0.5	  9.8	28	 -7.1	-22.5	1	NA	 11.3	  6.4	2	NA	4.8	NA	 3.6
468	1985	3	 -3.7	 -0.7	  7.5	6	 -6.5	-14.5	29	NA	 29.6	  6.6	29	NA	4.6	NA	 3.3
468	1985	4	 -0.1	  2.7	  8.2	29	 -3.7	-17.0	1	NA	 26.0	  4.6	4	NA	5.4	NA	 3.5
468	1985	5	  5.1	  9.2	 19.5	19	  1.6	 -3.8	23	NA	 35.1	 11.3	28	NA	5.1	NA	 3.3
468	1985	6	  7.9	 11.7	 18.2	17	  4.4	 -2.0	5	NA	 31.7	  8.5	27	NA	5.8	NA	 2.0
468	1985	7	  8.6	 12.6	 19.6	30	  5.5	  0.8	13	NA	 76.4	 14.7	20	NA	6.1	NA	 2.7
468	1985	8	  6.9	  9.9	 19.0	15	  4.6	 -1.0	26	NA	 76.6	 17.5	21	NA	6.6	NA	 2.3
468	1985	9	  3.5	  6.7	 14.8	11	  0.8	 -3.0	7	NA	 29.3	 10.3	18	NA	6.0	NA	 1.5
468	1985	10	  3.7	  6.2	 14.5	22	  0.4	 -8.4	10	NA	 46.9	 19.6	24	NA	5.0	NA	 3.6
468	1985	11	 -4.5	 -1.2	  6.6	21	 -7.4	-18.5	6	NA	 11.5	  4.3	14	NA	4.8	NA	 2.9
468	1985	12	 -6.2	 -4.0	  2.5	10	-10.2	-21.5	28	NA	 29.4	  6.2	27	NA	5.9	NA	 4.0
468	1986	1	 -3.5	 -1.0	  5.0	17	 -7.0	-16.5	3	NA	 48.4	 12.2	11	NA	5.7	NA	 5.0
468	1986	2	 -4.0	 -0.5	  7.0	13	 -7.2	-19.5	21	NA	  0.1	  0.1	20	NA	3.5	NA	 2.3
468	1986	3	 -1.9	  0.4	  8.0	12	 -5.1	-15.5	29	NA	 55.2	 10.4	31	NA	6.0	NA	 5.0
468	1986	4	 -0.0	  3.0	  7.8	29	 -2.8	-16.5	3	NA	 27.5	  8.4	26	NA	5.6	NA	 3.2
468	1986	5	  1.5	  4.6	 11.3	30	 -0.9	 -6.4	4	NA	 24.3	  7.0	22	NA	6.1	NA	 3.0
468	1986	6	  9.9	 13.9	 22.5	28	  5.9	 -0.7	9	NA	 34.1	  8.0	10	NA	5.2	NA	 3.2
468	1986	7	  9.5	 13.7	 22.5	1	  5.5	  0.0	30	NA	 39.1	  7.0	4	NA	5.6	NA	 2.5
468	1986	8	  8.9	 13.3	 18.5	8	  5.5	 -0.2	2	NA	  6.9	  3.8	31	NA	5.3	NA	 2.1
468	1986	9	  4.5	  8.3	 13.8	8	  1.1	 -3.5	10	NA	 24.8	  8.1	28	NA	4.9	NA	 3.7
468	1986	10	 -0.6	  2.8	 11.5	9	 -3.6	-10.5	31	NA	 36.4	 10.9	12	NA	4.0	NA	 3.5
468	1986	11	 -2.8	 -0.1	  6.0	4	 -6.2	-15.2	21	NA	 50.3	 12.5	9	NA	6.0	NA	 4.5
468	1986	12	 -4.3	 -0.9	  7.5	23	 -8.0	-23.2	2	NA	 24.6	  5.8	13	NA	5.5	NA	 4.0
468	1987	1	 -0.5	  2.0	  7.6	23	 -3.8	-17.0	1	NA	  5.9	  4.0	4	NA	4.8	NA	NA
468	1987	2	 -3.9	 -1.0	  7.0	28	 -6.8	-24.5	16	NA	 30.4	 12.5	3	NA	5.5	NA	 2.7
468	1987	3	 -2.5	 -0.1	  8.0	5	 -5.7	-21.5	20	NA	 12.7	  3.4	21	NA	5.2	NA	 4.7
468	1987	4	  1.5	  4.1	 12.8	23	 -1.2	-11.0	1	NA	 15.7	  6.2	2	NA	4.7	NA	 5.0
468	1987	5	  6.8	 11.1	 23.3	25	  2.7	 -6.6	1	NA	  8.2	  4.5	1	NA	4.4	NA	 3.6
468	1987	6	  8.0	 12.2	 18.5	20	  4.4	  0.6	13	NA	 26.3	  7.0	3	NA	5.4	NA	 2.2
468	1987	7	 11.2	 15.3	 22.0	12	  8.1	  3.0	9	NA	 74.8	 14.5	3	NA	6.1	NA	 1.9
468	1987	8	  9.6	 13.9	 20.5	11	  5.7	  2.0	21	NA	 10.1	  2.5	1	NA	4.9	NA	 3.0
468	1987	9	  5.3	  7.4	 14.0	29	  2.9	 -1.5	15	NA	 48.2	  9.8	4	NA	6.5	NA	 4.2
468	1987	10	 -0.3	  1.7	 11.6	4	 -3.0	-11.5	29	NA	 81.2	 15.0	1	NA	6.1	NA	 3.0
468	1987	11	  1.5	  3.8	  8.6	4	 -1.0	 -8.6	23	NA	 30.9	 20.6	19	NA	5.5	NA	 4.0
468	1987	12	 -0.6	  1.5	  7.2	2	 -2.6	-13.8	25	NA	 22.7	  5.6	24	NA	5.9	NA	 3.4
468	1988	1	 -7.7	 -4.2	  6.4	16	-12.0	-30.5	23	NA	 46.0	 11.5	11	NA	5.3	NA	 4.6
468	1988	2	 -5.2	 -2.5	  6.0	24	 -8.7	-21.5	12	NA	 39.4	 11.2	3	NA	6.0	NA	 4.0
468	1988	3	 -4.7	 -1.6	  7.0	7	 -8.5	-20.6	20	NA	 21.9	  6.8	2	NA	5.3	NA	 3.3
468	1988	4	 -4.0	 -0.3	 10.5	26	 -8.1	-19.2	8	NA	 19.6	  4.8	27	NA	4.6	NA	 3.7
468	1988	5	  5.2	  9.3	 18.2	14	  1.2	 -7.6	1	NA	 22.8	  9.5	30	NA	4.8	NA	 3.7
468	1988	6	 10.1	 14.5	 24.5	10	  6.4	 -1.5	3	NA	 23.0	  7.5	7	NA	5.4	NA	 5.2
468	1988	7	  9.5	 13.8	 23.2	6	  5.9	  0.0	31	NA	 46.8	 14.2	27	NA	5.9	NA	 2.8
468	1988	8	 10.0	 13.3	 20.5	4	  6.6	  1.0	21	NA	 68.2	 14.0	5	NA	6.4	NA	 4.0
468	1988	9	  5.3	  7.3	 15.0	14	  2.6	 -8.0	30	NA	 91.8	 24.5	22	NA	6.9	NA	 4.2
468	1988	10	  0.8	  3.8	 11.8	20	 -2.0	-10.8	9	NA	 27.2	 10.6	7	NA	5.0	NA	 3.8
468	1988	11	 -0.6	  2.2	  9.5	24	 -4.0	-15.0	17	NA	 13.9	  4.2	26	NA	5.1	NA	 2.7
468	1988	12	 -3.7	  0.0	  9.6	15	 -7.6	-27.0	25	NA	 30.3	  5.5	5	NA	4.9	NA	 3.8
468	1989	1	 -3.2	  0.2	  8.2	3	 -7.0	-14.2	21	NA	 26.3	  6.4	28	NA	5.0	NA	 4.4
468	1989	2	 -6.6	 -3.3	  5.0	9	-10.0	-20.0	16	NA	 53.5	  8.7	26	NA	5.9	NA	 5.0
468	1989	3	 -4.2	 -1.1	  7.2	31	 -8.7	-19.5	2	NA	 54.5	  8.4	23	NA	5.2	NA	 3.8
468	1989	4	 -1.5	  1.0	  7.2	4	 -4.7	-14.0	22	NA	 40.2	 11.2	11	NA	5.7	NA	 3.1
468	1989	5	  2.6	  5.6	 12.5	31	 -0.1	 -3.0	9	NA	 20.8	  8.7	27	NA	5.7	NA	 3.4
468	1989	6	  8.0	 11.5	 17.8	17	  4.6	 -1.0	29	NA	 10.5	  5.0	13	NA	5.1	NA	 3.8
468	1989	7	 11.4	 15.2	 20.4	16	  7.5	  1.5	1	NA	 69.6	 25.0	29	NA	5.6	NA	 3.8
468	1989	8	  9.1	 12.6	 18.2	7	  6.2	  0.0	25	NA	 55.1	 13.0	23	NA	6.3	NA	 3.5
468	1989	9	  5.5	  8.3	 14.6	3	  2.5	 -2.8	8	NA	 49.5	 12.1	25	NA	6.3	NA	 4.5
468	1989	10	  2.4	  4.7	 13.0	4	 -0.4	-10.0	27	NA	 14.7	  5.0	5	NA	5.7	NA	 2.5
468	1989	11	 -1.8	  0.8	  9.0	15	 -5.0	-13.5	19	NA	 39.2	 14.3	16	NA	5.4	NA	 2.8
468	1989	12	 -3.1	 -0.5	  9.5	5	 -6.7	-23.5	20	NA	 23.4	  5.8	16	NA	5.1	NA	 3.7
468	1990	1	 -2.1	  0.5	  5.8	21	 -5.0	-13.2	16	NA	100.5	 25.9	2	NA	6.1	NA	 4.7
468	1990	2	 -4.4	 -1.9	  2.5	1	 -7.5	-17.4	28	NA	 83.8	 23.5	27	NA	6.8	NA	 5.1
468	1990	3	 -5.2	 -1.7	  3.8	25	 -9.6	-21.0	1	NA	 43.3	 12.2	21	NA	5.2	NA	 4.8
468	1990	4	 -2.9	  0.4	  7.5	20	 -6.5	-22.6	4	NA	 15.8	  8.8	26	NA	5.3	NA	 4.0
468	1990	5	  6.2	  9.8	 15.6	27	  2.4	 -1.5	5	NA	 14.2	  5.6	13	NA	4.6	NA	 2.0
468	1990	6	  8.8	 12.8	 19.0	12	  5.5	 -0.1	26	NA	 20.0	  7.5	25	NA	6.0	NA	 3.3
468	1990	7	 11.4	 15.4	 23.6	14	  7.6	  2.5	2	NA	 32.2	 12.0	31	NA	5.6	NA	 2.9
468	1990	8	  9.6	 13.2	 21.5	9	  6.6	  2.0	18	NA	 37.6	  6.2	21	NA	6.0	NA	 2.5
468	1990	9	  4.4	  6.9	 15.8	10	  1.6	 -5.0	20	NA	 82.1	 14.3	21	NA	6.0	NA	 3.4
468	1990	10	  1.7	  3.2	  8.8	26	 -0.4	 -6.6	11	NA	 51.6	 10.6	13	NA	6.4	NA	 3.0
468	1990	11	 -0.5	  1.4	  6.8	6	 -3.0	-11.2	21	NA	 35.1	 12.0	14	NA	5.4	NA	 2.6
468	1990	12	 -3.3	  0.2	  9.5	14	 -7.5	-21.9	20	NA	 32.3	  7.3	26	NA	5.1	NA	 3.7
468	1991	1	 -0.9	  2.1	  9.0	21	 -4.9	-18.2	20	NA	 71.1	 20.5	3	NA	5.1	NA	 5.9
468	1991	2	 -2.1	  1.6	  9.5	5	 -5.3	-19.4	24	NA	 21.0	  7.8	19	NA	4.6	NA	 3.8
468	1991	3	 -0.0	  2.0	 10.7	25	 -3.0	-10.2	22	NA	 53.9	  8.2	11	NA	6.3	NA	 5.6
468	1991	4	 -2.1	  1.1	  7.6	27	 -6.2	-16.6	3	NA	 17.4	  4.7	8	NA	5.1	NA	 4.3
468	1991	5	  6.8	 10.4	 18.0	25	  3.6	 -0.5	7	NA	 62.7	 21.8	9	NA	5.7	NA	 3.5
468	1991	6	  7.9	 12.2	 22.5	30	  3.1	 -2.2	2	NA	 28.7	 11.8	15	NA	4.1	NA	 2.0
468	1991	7	 12.9	 17.1	 27.9	7	  9.4	  2.0	22	NA	 74.6	 20.7	28	NA	5.7	NA	 2.0
468	1991	8	 10.8	 14.8	 26.8	3	  7.0	  1.0	24	NA	 31.9	  7.3	11	NA	5.4	NA	 3.8
468	1991	9	  5.3	  8.8	 19.8	5	  2.5	 -4.1	27	NA	 52.6	 10.6	25	NA	5.6	NA	 3.2
468	1991	10	  2.9	  4.8	 10.6	25	  0.2	 -8.0	17	NA	 74.6	 20.0	5	NA	5.8	NA	 3.7
468	1991	11	 -3.0	 -0.5	  5.0	1	 -6.5	-15.8	16	NA	110.0	 28.6	12	NA	6.5	NA	 3.1
468	1991	12	 -2.1	  1.1	 10.0	30	 -5.9	-22.8	21	NA	  6.8	  1.6	8	NA	4.7	NA	 3.4
468	1992	1	  0.2	  3.9	 10.0	21	 -4.0	-18.0	9	NA	 16.6	  5.5	7	NA	5.4	NA	 4.6
468	1992	2	 -3.2	  0.5	  9.0	6	 -7.0	-16.6	11	NA	 25.1	  5.0	26	NA	6.0	NA	 5.2
468	1992	3	 -2.5	  0.2	  8.6	8	 -5.9	-21.5	15	NA	 23.9	  3.2	22	NA	5.9	NA	 4.9
468	1992	4	 -0.5	  1.9	  6.5	21	 -2.9	-10.0	6	NA	  9.2	  2.7	25	NA	6.5	NA	 3.6
468	1992	5	  5.3	  9.2	 20.2	26	  1.7	 -6.8	9	NA	 15.0	  8.0	18	NA	5.2	NA	 3.1
468	1992	6	  8.4	 12.1	 18.5	9	  4.8	 -0.2	24	NA	 38.8	  9.0	23	NA	5.6	NA	 5.6
468	1992	7	  9.0	 13.1	 22.6	6	  5.3	 -0.5	23	NA	 70.0	 14.8	10	NA	5.8	NA	 2.9
468	1992	8	  8.3	 12.3	 17.0	8	  5.0	  0.0	26	NA	 59.4	 18.7	28	NA	5.8	NA	 3.5
468	1992	9	  5.5	  7.5	 13.5	30	  3.3	 -1.0	3	NA	 38.3	  9.2	8	NA	6.7	NA	 2.9
468	1992	10	  1.8	  4.7	 12.5	7	 -1.6	-15.5	29	NA	 43.4	 15.7	8	NA	5.4	NA	 3.0
468	1992	11	 -3.4	 -0.1	  7.2	8	 -7.2	-20.2	21	NA	 82.0	 24.0	6	NA	5.7	NA	 2.9
468	1992	12	 -3.2	 -0.5	  7.5	26	 -6.2	-14.8	19	NA	 80.3	 15.2	4	NA	5.9	NA	 6.0
468	1993	1	 -6.5	 -3.2	  5.5	3	-11.2	-19.6	25	NA	 92.0	 20.2	11	NA	6.2	NA	 4.6
468	1993	2	 -2.1	  1.2	  7.3	7	 -5.5	-17.0	27	NA	 15.1	  3.3	19	NA	4.6	NA	 5.6
468	1993	3	 -0.8	  2.0	  8.0	1	 -4.3	-13.0	22	NA	 22.0	 12.1	27	NA	5.2	NA	 3.8
468	1993	4	  1.1	  3.4	 10.0	26	 -1.5	 -8.2	24	NA	 11.3	  4.3	17	NA	4.7	NA	 4.8
468	1993	5	  3.5	  7.5	 18.0	26	  0.6	 -5.5	13	NA	 29.7	  6.5	15	NA	5.4	NA	 5.3
468	1993	6	  7.2	 11.4	 17.4	28	  3.7	 -1.6	2	NA	 25.4	  7.0	27	NA	5.3	NA	 2.4
468	1993	7	  6.1	  9.1	 16.5	17	  4.5	  1.6	10	NA	 69.1	  8.9	28	NA	7.5	NA	 3.0
468	1993	8	  8.5	 12.3	 19.5	25	  5.1	 -0.5	12	NA	 38.1	 13.0	6	NA	6.1	NA	 3.1
468	1993	9	  8.1	 11.5	 17.0	3	  5.0	  0.0	16	NA	  7.3	  4.0	27	NA	5.4	NA	 2.3
468	1993	10	  1.8	  4.2	 11.0	26	 -1.5	-13.2	16	NA	 20.8	  7.6	1	NA	5.3	NA	 3.7
468	1993	11	  2.5	  5.4	 10.0	6	 -0.8	 -9.6	22	NA	 20.4	 12.6	9	NA	4.6	NA	 5.8
468	1993	12	 -5.4	 -2.9	  3.8	29	-10.0	-22.2	14	NA	 76.1	 20.3	2	NA	6.0	NA	 3.4
468	1994	1	 -5.7	 -2.8	  6.0	18	 -9.2	-24.0	25	NA	 37.4	  6.5	26	NA	5.9	NA	 5.7
468	1994	2	 -2.5	  0.8	  6.6	11	 -5.8	-17.8	26	NA	 10.0	  5.8	2	NA	4.5	NA	 3.5
468	1994	3	 -4.1	 -1.5	  6.8	28	 -7.9	-19.0	14	NA	 51.0	  9.1	17	NA	5.8	NA	 4.0
468	1994	4	 -1.7	  0.9	  7.0	13	 -5.1	-12.5	29	NA	 31.7	  6.8	1	NA	5.4	NA	 3.3
468	1994	5	  5.0	  8.2	 12.4	12	  1.9	 -2.5	18	NA	 14.9	  9.6	30	NA	5.7	NA	 2.9
468	1994	6	  6.5	  9.4	 15.4	16	  3.5	 -1.4	2	NA	 58.6	 12.5	5	NA	6.4	NA	 3.6
468	1994	7	 12.8	 17.2	 26.4	6	  9.0	  4.9	28	NA	 23.2	  8.2	30	NA	5.3	NA	 2.5
468	1994	8	 10.7	 15.3	 22.5	7	  7.0	  0.5	29	NA	 39.7	 10.0	16	NA	5.0	NA	 2.7
468	1994	9	  4.7	  8.4	 17.4	2	  1.2	 -7.5	30	NA	 26.7	 11.0	2	NA	5.1	NA	 2.9
468	1994	10	  0.1	  2.6	 10.0	13	 -3.1	-12.0	16	NA	 71.0	 11.9	22	NA	6.8	NA	 2.8
468	1994	11	 -0.6	  1.9	  8.7	29	 -4.1	-17.0	21	NA	 54.1	 11.2	14	NA	5.3	NA	 4.2
468	1994	12	 -3.8	 -0.7	  9.5	2	 -7.0	-15.8	31	NA	 38.7	  7.4	26	NA	5.9	NA	 4.6
468	1995	1	 -5.2	 -2.2	  6.2	3	 -8.6	-25.6	27	NA	 68.6	 25.0	19	NA	6.3	NA	 4.7
468	1995	2	 -6.6	 -4.0	  2.0	20	 -9.8	-24.6	10	NA	 42.8	 16.2	7	NA	6.4	NA	 3.3
468	1995	3	 -5.2	 -2.1	  8.8	30	 -8.7	-19.2	28	NA	 76.6	 15.0	17	NA	5.7	NA	 4.8
468	1995	4	 -2.0	  0.4	  6.0	9	 -4.7	-14.6	4	NA	 21.9	  3.8	20	NA	5.6	NA	 3.4
468	1995	5	  1.8	  5.0	 11.9	31	 -0.7	 -8.0	19	NA	 38.7	 10.0	8	NA	6.0	NA	 1.8
468	1995	6	  9.7	 13.4	 19.5	30	  6.2	 -0.6	3	NA	 17.1	  7.1	20	NA	5.3	NA	 4.7
468	1995	7	  9.5	 13.6	 20.8	2	  5.6	  0.8	2	NA	 26.5	 19.5	5	NA	5.8	NA	 3.3
468	1995	8	 11.4	 15.9	 21.6	7	  7.9	 -1.0	24	NA	 20.3	  4.6	12	NA	5.1	NA	 3.0
468	1995	9	  5.5	  9.1	 17.4	13	  2.5	 -7.4	29	NA	 20.7	  6.0	25	NA	5.0	NA	 3.6
468	1995	10	  0.8	  2.3	  6.4	5	 -1.5	 -8.2	30	NA	138.8	 28.5	26	NA	7.1	NA	 4.5
468	1995	11	 -1.7	  0.9	  7.0	6	 -4.7	-15.5	26	NA	 34.3	  8.2	22	NA	5.6	NA	 2.7
468	1995	12	 -5.8	 -2.6	 10.4	2	 -8.7	-28.2	26	NA	 12.0	  3.8	10	NA	4.0	NA	 3.2
468	1996	1	 -1.5	  1.6	  9.0	17	 -5.3	-20.2	1	NA	 15.0	  6.4	4	NA	4.7	NA	 3.2
468	1996	2	 -4.0	 -0.4	  7.3	20	 -8.4	-17.8	27	NA	 66.3	 14.5	24	NA	5.7	NA	 4.7
468	1996	3	  0.3	  3.8	  8.4	7	 -2.7	-13.6	24	NA	  1.7	  0.8	8	NA	3.6	NA	 4.8
468	1996	4	  1.2	  3.7	  9.6	10	 -1.2	 -7.8	5	NA	 13.0	  2.8	16	NA	6.1	NA	 4.2
468	1996	5	  4.6	  8.3	 15.0	11	  0.7	 -6.8	5	NA	 24.7	  9.2	25	NA	5.0	NA	 3.1
468	1996	6	  8.0	 12.0	 19.2	20	  5.1	 -0.4	2	NA	 61.0	 12.4	9	NA	6.0	NA	 2.7
468	1996	7	 10.9	 15.2	 22.0	17	  7.3	  3.0	3	NA	 47.5	 11.4	29	NA	5.8	NA	 2.7
468	1996	8	  9.8	 14.1	 19.0	8	  6.3	 -0.5	25	NA	 36.5	 13.2	3	NA	5.4	NA	 2.9
468	1996	9	 10.3	 13.6	 19.0	14	  7.8	  1.6	23	NA	 38.2	 11.8	25	NA	5.9	NA	 3.6
468	1996	10	  1.7	  4.4	 11.6	23	 -1.1	-13.6	13	NA	 50.2	 14.8	21	NA	6.1	NA	 3.8
468	1996	11	 -7.7	 -4.2	  6.6	13	-12.6	-26.4	24	NA	 72.3	  8.8	13	NA	5.1	NA	 2.6
468	1996	12	 -4.9	 -1.6	  6.4	29	 -8.9	-17.9	16	NA	 32.3	 10.6	9	NA	4.9	NA	 2.0
468	1997	1	 -4.6	 -1.2	  6.2	29	 -8.6	-17.0	19	NA	 30.6	  8.2	14	NA	4.5	NA	 4.9
468	1997	2	 -4.5	 -1.7	  5.6	1	 -7.9	-21.2	26	NA	 30.4	  7.4	22	NA	6.0	NA	 5.5
468	1997	3	 -4.0	 -0.9	  6.4	4	 -7.3	-24.0	15	NA	 27.6	  4.2	1	NA	5.6	NA	 4.9
468	1997	4	  0.8	  4.4	 10.6	14	 -2.5	-13.6	6	NA	  9.9	  2.8	27	NA	6.2	NA	 3.5
468	1997	5	  2.9	  6.2	 16.6	31	 -0.1	 -7.2	5	NA	 13.2	  4.0	7	NA	5.7	NA	 4.0
468	1997	6	  6.9	 11.3	 23.0	3	  3.5	 -4.0	7	NA	 35.8	 12.5	23	NA	6.0	NA	 2.7
468	1997	7	 12.6	 16.9	 22.2	23	  9.4	  4.2	6	NA	 49.1	 17.5	4	NA	6.2	NA	 2.4
468	1997	8	 10.4	 14.5	 27.0	13	  6.5	  0.5	10	NA	 53.7	  6.2	29	NA	5.8	NA	 3.0
468	1997	9	  6.1	  9.1	 16.5	24	  3.0	 -5.2	14	NA	 33.7	 12.5	5	NA	5.7	NA	 5.1
468	1997	10	  1.8	  3.8	 11.5	29	 -1.1	-10.0	19	NA	 55.0	  9.9	31	NA	6.3	NA	 2.7
468	1997	11	  0.7	  2.3	  5.8	21	 -1.4	 -6.2	17	NA	 26.0	  8.0	12	NA	7.0	NA	 2.6
468	1997	12	 -0.8	  1.6	 13.0	15	 -3.7	-11.6	3	NA	 22.3	 11.3	31	NA	5.4	NA	 3.1
468	1998	1	 -3.0	 -0.4	  6.0	21	 -6.0	-21.2	18	NA	 32.9	  7.8	13	NA	6.2	NA	 4.1
468	1998	2	 -5.6	 -1.6	  7.0	16	 -9.9	-23.0	12	NA	 28.1	  5.6	28	NA	5.5	NA	 3.5
468	1998	3	 -5.8	 -1.9	  8.0	14	-10.3	-31.2	7	NA	 35.8	  6.2	1	NA	5.0	NA	 3.5
468	1998	4	 -0.7	  1.7	 10.0	24	 -3.0	-11.4	12	NA	 18.5	  7.4	24	NA	6.0	NA	 2.2
468	1998	5	  5.6	  9.4	 17.8	26	  1.4	-11.2	8	NA	 10.6	  5.0	5	NA	5.0	NA	 3.6
468	1998	6	  6.8	 10.7	 15.0	17	  2.7	 -2.5	2	NA	 28.7	 18.6	22	NA	5.6	NA	 2.3
468	1998	7	  8.1	 12.0	 20.0	1	  4.9	  0.6	10	NA	 33.3	  7.7	8	NA	6.5	NA	 2.4
468	1998	8	 10.4	 14.6	 18.6	12	  6.8	  1.0	22	NA	 51.5	 15.3	4	NA	5.6	NA	 2.6
468	1998	9	  5.0	  7.4	 15.0	3	  3.3	 -2.2	30	NA	 40.7	 17.0	19	NA	6.5	NA	 3.8
468	1998	10	 -0.7	  1.4	 13.6	6	 -3.0	-13.4	17	NA	 60.0	  7.4	22	NA	6.3	NA	 3.7
468	1998	11	 -2.6	  0.5	  6.6	28	 -6.9	-24.8	6	NA	 69.4	 23.0	8	NA	5.5	NA	 3.8
468	1998	12	 -2.2	  0.5	  9.6	7	 -5.3	-18.8	20	NA	 43.1	 13.5	13	NA	6.4	NA	 4.2
468	1999	1	 -3.6	 -1.1	  8.8	31	 -7.6	-17.2	15	NA	 70.3	 34.2	17	NA	6.0	NA	 6.3
468	1999	2	 -4.8	 -1.0	  7.4	1	 -8.4	-22.8	17	NA	 46.5	 12.1	22	NA	5.9	NA	 4.5
468	1999	3	 -6.3	 -3.5	  1.8	11	 -9.8	-21.5	7	NA	 31.2	  6.8	19	NA	6.2	NA	 2.8
468	1999	4	 -2.5	  1.1	  9.4	26	 -7.3	-18.4	1	NA	 53.1	 11.4	16	NA	4.9	NA	 3.3
468	1999	5	  4.6	  7.6	 12.4	19	  1.9	 -3.6	2	NA	 33.0	  8.8	23	NA	5.9	NA	 5.1
468	1999	6	  9.0	 12.6	 21.2	29	  5.4	  0.4	1	NA	 34.3	  9.5	15	NA	5.6	NA	 4.5
468	1999	7	 11.1	 15.6	 22.8	29	  7.0	  3.2	2	NA	 16.5	  4.8	14	NA	5.3	NA	 4.4
468	1999	8	 10.6	 15.0	 22.6	4	  6.9	  0.6	9	NA	  7.7	  2.6	2	NA	5.5	NA	 2.8
468	1999	9	  6.3	  9.3	 17.0	20	  3.5	 -5.4	29	NA	 47.6	 15.2	9	NA	6.5	NA	 3.1
468	1999	10	  2.5	  4.8	 12.5	14	 -0.2	 -8.4	9	NA	 48.2	 18.2	2	NA	5.7	NA	 4.0
468	1999	11	 -1.3	  1.8	 11.4	11	 -4.7	-15.6	28	NA	 43.3	 10.8	22	NA	5.6	NA	 3.9
468	1999	12	 -4.4	 -1.4	  5.4	31	 -8.5	-18.2	5	NA	 21.5	  4.4	22	NA	5.8	NA	 3.3
468	2000	1	 -2.6	  0.6	  8.8	17	 -6.5	-19.2	4	NA	 29.2	  6.3	2	NA	5.6	NA	 3.8
468	2000	2	 -4.6	 -1.8	  5.0	5	 -7.9	-18.0	13	NA	 70.7	 24.3	29	NA	6.3	NA	 3.9
468	2000	3	 -2.8	 -0.2	  9.0	27	 -6.2	-15.8	4	NA	 29.6	  8.5	27	NA	6.0	NA	 4.7
468	2000	4	 -2.0	  1.2	 10.0	30	 -5.3	-15.2	2	NA	  6.6	  2.4	15	NA	5.0	NA	 3.2
468	2000	5	  5.8	  9.6	 20.2	13	  2.6	 -5.4	31	NA	 13.9	  3.8	22	NA	5.6	NA	 4.2
468	2000	6	  8.4	 12.9	 25.8	29	  3.5	 -2.4	15	NA	 15.5	  4.2	17	NA	4.5	NA	 2.5
468	2000	7	 12.4	 17.3	 24.8	24	  8.6	  3.6	30	NA	  9.2	  5.2	16	NA	5.1	NA	 2.8
468	2000	8	 11.0	 15.6	 21.8	8	  6.9	  1.6	6	NA	 36.9	 12.2	10	NA	5.8	NA	 2.3
468	2000	9	  7.0	 11.1	 17.2	3	  4.0	 -5.5	19	NA	 51.9	 12.0	5	NA	5.4	NA	 3.4
468	2000	10	  2.2	  4.5	 11.6	6	 -0.3	 -7.8	13	NA	 28.6	  6.0	16	NA	6.4	NA	 2.2
468	2000	11	 -1.8	  0.5	  4.0	27	 -5.0	-16.0	8	NA	 74.7	 12.4	30	NA	7.1	NA	 3.4
468	2000	12	 -3.2	 -0.9	  5.0	1	 -5.9	-18.0	30	NA	 25.9	  7.6	31	NA	6.4	NA	 3.4
468	2001	1	 -0.8	  1.1	  6.8	13	 -3.4	-15.0	9	NA	 29.4	  8.0	1	NA	6.5	NA	 4.4
468	2001	2	 -3.5	 -0.2	  7.6	18	 -6.6	-19.4	9	NA	 28.8	  8.0	2	NA	5.1	NA	 5.7
468	2001	3	 -5.1	 -2.2	  3.6	31	 -8.8	-21.6	24	NA	 29.1	 11.4	5	NA	5.8	NA	 3.1
468	2001	4	 -0.7	  2.1	  9.0	19	 -4.3	-15.8	11	NA	 29.9	  9.8	22	NA	5.6	NA	 3.3
468	2001	5	  4.7	  8.2	 14.6	10	  1.3	 -5.0	3	NA	 39.0	 14.0	29	NA	5.8	NA	 3.9
468	2001	6	  7.7	 12.4	 19.6	23	  3.5	 -2.6	7	NA	 21.2	  8.2	6	NA	5.0	NA	 3.2
468	2001	7	  9.5	 13.6	 19.0	8	  6.5	  1.0	13	NA	 38.0	  7.0	4	NA	6.4	NA	 2.2
468	2001	8	  9.1	 12.7	 16.8	10	  6.4	  1.2	31	NA	 37.8	 16.1	25	NA	6.7	NA	 2.3
468	2001	9	  7.2	 10.6	 15.8	23	  4.4	 -0.8	28	NA	 37.7	  8.6	19	NA	6.5	NA	 3.0
468	2001	10	  3.3	  5.8	 10.6	15	  0.9	 -9.2	31	NA	 51.0	  9.8	7	NA	6.1	NA	 3.0
468	2001	11	 -1.4	  2.2	 10.2	16	 -5.2	-14.6	28	NA	 38.0	 11.8	25	NA	5.9	NA	 5.2
468	2001	12	 -1.0	  1.7	 10.6	11	 -4.9	-14.0	30	NA	 27.7	 10.3	29	NA	5.7	NA	 3.1
468	2002	1	 -3.0	  0.2	 10.2	6	 -7.0	-26.2	29	NA	 33.4	  8.5	15	NA	5.3	NA	 5.1
468	2002	2	 -6.9	 -4.0	  5.0	13	-10.2	-21.6	28	NA	 44.7	  6.6	9	NA	6.3	NA	 4.9
468	2002	3	 -4.4	 -0.9	  6.8	23	 -8.4	-19.0	20	NA	 19.5	  4.2	28	NA	5.4	NA	 3.1
468	2002	4	  1.9	  4.9	 12.0	20	 -0.7	 -9.0	27	NA	 58.0	 13.0	25	NA	5.9	NA	 4.7
468	2002	5	  4.4	  7.9	 15.6	18	  1.3	 -4.4	12	NA	 51.9	 11.0	6	NA	5.9	NA	 3.7
468	2002	6	  9.3	 13.7	 21.0	10	  5.8	  0.8	19	NA	 22.6	  5.1	25	NA	5.6	NA	 3.2
468	2002	7	 10.1	 14.3	 19.0	19	  6.9	  1.8	10	NA	 43.0	 13.6	11	NA	6.3	NA	 2.8
468	2002	8	  9.5	 13.6	 22.0	1	  6.9	  0.6	18	NA	 42.3	  8.6	16	NA	6.6	NA	 2.1
468	2002	9	  8.7	 12.7	 22.2	13	  5.8	  0.0	29	NA	 50.1	 19.1	6	NA	5.6	NA	 2.5
468	2002	10	  2.0	  4.7	 15.8	5	 -1.0	-19.6	28	NA	 48.3	 10.5	24	NA	5.5	NA	 3.8
468	2002	11	  2.0	  3.4	  7.0	29	 -0.3	-14.0	1	NA	 26.2	 10.4	7	NA	6.5	NA	 4.2
468	2002	12	  0.4	  3.0	 10.6	5	 -2.5	-10.8	29	NA	 15.8	  8.4	4	NA	4.9	NA	 2.3
468	2003	1	 -3.8	 -0.9	  5.8	10	 -7.3	-19.8	23	NA	 41.5	  9.0	18	NA	5.7	NA	 3.0
468	2003	2	  0.2	  2.9	  9.2	16	 -3.0	-14.0	5	NA	 20.4	  5.2	4	NA	5.6	NA	 5.9
468	2003	3	  1.4	  4.1	 12.0	24	 -1.6	-17.0	11	NA	 23.1	  8.0	6	NA	5.3	NA	 5.0
468	2003	4	  3.6	  7.4	 16.6	18	  0.5	 -7.8	2	NA	 11.0	  3.1	12	NA	6.2	NA	 3.6
468	2003	5	  4.0	  8.0	 19.0	16	  0.4	 -7.8	5	NA	 18.7	  6.4	20	NA	5.0	NA	 2.8
468	2003	6	 10.0	 13.9	 22.4	28	  6.2	  1.0	3	NA	 47.4	  8.4	1	NA	5.8	NA	 3.0
468	2003	7	 11.4	 15.7	 25.0	18	  8.1	  3.6	8	NA	 61.8	 12.4	14	NA	6.4	NA	 2.1
468	2003	8	 12.4	 16.9	 22.0	25	  8.7	  0.8	28	NA	 46.6	 15.4	20	NA	5.9	NA	 1.8
468	2003	9	  6.4	  9.7	 17.2	4	  3.1	 -6.8	26	NA	 55.0	 19.4	22	NA	5.4	NA	 3.6
468	2003	10	  1.3	  4.5	 13.0	26	 -1.8	-12.6	11	NA	 22.1	  4.8	3	NA	5.7	NA	 2.4
468	2003	11	 -0.8	  2.2	 10.8	7	 -4.2	-13.6	4	NA	 48.8	 10.8	1	NA	5.7	NA	 2.2
468	2003	12	 -3.8	 -0.4	  6.0	6	 -8.1	-24.2	29	NA	 50.1	  6.3	9	NA	6.5	NA	 3.0
468	2004	1	 -4.1	 -1.4	  5.8	4	 -7.8	-16.5	26	NA	 81.8	 17.0	13	NA	6.0	NA	 3.4
468	2004	2	 -2.3	  0.6	  8.8	19	 -5.7	-20.0	8	NA	 42.5	 11.5	4	NA	5.3	NA	 4.7
468	2004	3	  1.6	  4.2	 10.0	9	 -0.8	 -6.8	21	NA	 19.9	  5.8	19	NA	5.7	NA	 5.1
468	2004	4	  2.9	  5.7	 11.6	25	  0.0	 -6.6	7	NA	 27.3	  6.3	5	NA	6.5	NA	 4.1
468	2004	5	  5.1	  8.6	 18.2	26	  1.9	 -3.4	3	NA	 40.2	 10.6	17	NA	6.2	NA	 3.6
468	2004	6	  9.3	 13.0	 18.6	10	  4.7	 -1.5	18	NA	 17.4	  6.2	3	NA	5.5	NA	 3.0
468	2004	7	 11.8	 16.2	 25.2	9	  7.8	  1.0	4	NA	 30.8	  6.8	22	NA	5.2	NA	 2.5
468	2004	8	 12.3	 17.2	 28.2	10	  7.3	  2.0	30	NA	 10.4	  6.0	4	NA	4.5	NA	 2.4
468	2004	9	  7.1	 10.5	 16.4	8	  4.1	 -2.4	15	NA	 65.3	 15.5	2	NA	5.7	NA	 3.0
468	2004	10	  1.5	  4.1	 13.8	1	 -1.3	-15.0	28	NA	 54.5	 16.8	5	NA	6.1	NA	 3.7
468	2004	11	 -2.1	  1.0	 11.2	6	 -6.6	-25.6	21	NA	 56.2	 13.2	9	NA	5.7	NA	 2.8
468	2004	12	 -4.1	 -0.3	  7.6	12	 -8.4	-21.5	23	NA	 34.3	  8.5	17	NA	4.8	NA	 4.0
468	2005	1	 -3.2	 -0.7	  8.0	31	 -7.5	-19.0	13	NA	 41.0	 10.0	4	NA	5.8	NA	 4.7
468	2005	2	 -2.3	  1.9	  8.2	21	 -5.1	-15.4	5	NA	 14.5	  6.7	4	NA	4.5	NA	 3.5
468	2005	3	  0.1	  3.5	 12.0	27	 -3.8	-13.0	15	NA	 37.2	  6.8	31	NA	4.7	NA	 3.3
468	2005	4	  1.1	  4.4	 13.0	20	 -2.1	-12.8	8	NA	 28.7	  8.0	3	NA	6.0	NA	 3.9
468	2005	5	  2.7	  6.3	 14.0	13	 -1.3	 -6.0	3	NA	 17.7	 12.1	31	NA	5.5	NA	 2.9
468	2005	6	  8.7	 12.9	 19.8	12	  5.3	 -0.6	5	NA	 31.3	  7.3	26	NA	6.2	NA	 3.0
468	2005	7	 11.6	 16.9	 23.2	24	  8.4	  4.4	6	NA	 47.1	 16.4	19	NA	5.4	NA	 3.2
468	2005	8	  8.3	 12.0	 20.0	8	  5.4	  0.6	30	NA	 80.2	 12.5	31	NA	6.7	NA	 2.7
468	2005	9	  3.0	  5.6	 11.6	3	  0.0	 -6.0	24	NA	 98.9	 21.8	13	NA	6.6	NA	 3.3
468	2005	10	 -0.7	  2.1	 11.0	15	 -3.9	-15.5	26	NA	 52.2	  7.7	1	NA	6.6	NA	 2.6
468	2005	11	 -2.8	  0.1	  7.6	20	 -7.2	-17.6	4	NA	 42.9	  7.8	7	NA	5.5	NA	 2.7
468	2005	12	 -1.5	  1.7	  8.8	25	 -6.1	-16.5	4	NA	 20.9	 10.4	3	NA	5.5	NA	 3.2
468	2006	1	 -0.4	  2.7	  9.8	4	 -4.5	-15.2	17	NA	 25.7	 14.3	16	NA	4.8	NA	 4.3
468	2006	2	 -0.2	  3.0	  9.6	21	 -4.1	-17.6	9	NA	 21.6	  6.8	17	NA	5.5	NA	 2.7
468	2006	3	 -3.2	  0.1	  8.8	17	 -6.5	-16.8	5	NA	 31.6	  5.7	23	NA	5.9	NA	 2.5
468	2006	4	 -0.4	  2.7	 11.0	28	 -4.1	-15.0	2	NA	 33.0	  7.6	6	NA	5.7	NA	 4.4
468	2006	5	  3.1	  6.7	 18.0	9	 -0.5	 -5.8	26	NA	 55.6	  8.4	23	NA	5.7	NA	 2.9
468	2006	6	  9.9	 14.3	 18.6	11	  5.9	 -0.6	13	NA	 24.8	 10.0	20	NA	5.7	NA	 3.4
468	2006	7	 10.8	 16.1	 21.4	28	  6.8	  0.8	10	NA	 27.2	  8.0	21	NA	5.5	NA	 2.8
468	2006	8	 11.2	 15.6	 23.4	3	  7.5	  2.4	16	NA	 81.5	 20.0	1	NA	5.6	NA	 1.5
468	2006	9	  7.6	 11.1	 16.4	15	  4.5	 -1.3	26	NA	 43.9	 19.4	1	NA	6.0	NA	 3.3
468	2006	10	  2.0	  4.5	 11.9	13	 -0.2	-13.0	31	NA	 30.2	  6.3	9	NA	6.3	NA	 3.1
468	2006	11	 -3.2	 -0.3	  8.0	2	 -7.4	-21.2	18	NA	 97.5	 52.7	16	NA	6.1	NA	 4.2
468	2006	12	 -0.1	  2.5	 11.8	20	 -3.6	-20.0	17	NA	 29.8	  6.8	8	NA	6.0	NA	 4.0
468	2007	1	 -3.8	 -0.7	  6.8	25	 -8.1	-19.6	17	NA	 20.2	  3.8	15	NA	5.7	NA	 2.2
468	2007	2	 -4.3	 -1.6	  6.4	2	 -7.2	-18.0	6	NA	 18.1	  6.3	25	NA	4.9	NA	 2.6
468	2007	3	 -0.2	  2.3	  8.2	31	 -3.7	-15.2	20	NA	 53.3	 15.2	9	NA	5.9	NA	 4.3
468	2007	4	  3.1	  7.3	 19.2	29	 -0.9	-11.0	19	NA	 28.0	 12.2	21	NA	4.9	NA	 3.8
468	2007	5	  2.8	  6.5	 17.8	1	 -0.3	 -4.2	11	NA	 19.5	  4.7	11	NA	6.4	NA	 2.8
468	2007	6	 10.9	 15.3	 20.0	9	  5.8	  1.8	12	NA	  5.1	  1.8	23	NA	5.4	NA	 2.9
468	2007	7	 10.4	 15.7	 20.2	20	  6.2	  2.2	16	NA	 21.8	  7.8	6	NA	5.2	NA	 1.8
468	2007	8	  8.8	 12.6	 19.6	9	  5.9	  2.3	27	NA	 57.0	 12.5	30	NA	6.3	NA	 1.9
468	2007	9	  5.3	  8.3	 16.8	4	  2.5	 -4.0	17	NA	116.7	 48.9	13	NA	6.3	NA	 3.2
468	2007	10	  3.2	  6.4	 14.6	19	  0.2	 -9.0	17	NA	 54.1	 15.2	11	NA	5.5	NA	 3.6
468	2007	11	 -1.5	  1.4	  8.0	16	 -5.0	-14.6	25	NA	 33.5	  5.3	17	NA	5.9	NA	 1.7
468	2008	1	 -4.2	 -1.2	  7.4	3	 -8.2	-15.6	13	NA	 25.4	  7.0	31	NA	5.3	NA	 3.3
468	2008	2	 -2.9	  0.5	  8.6	19	 -6.4	-15.6	29	NA	 38.0	  8.8	1	NA	5.5	NA	 4.2
468	2008	3	 -4.0	 -0.8	  5.6	5	 -7.9	-17.6	4	NA	 51.7	 26.7	7	NA	6.5	NA	 3.5
468	2008	4	 -1.0	  2.1	  9.2	24	 -4.5	-11.0	14	NA	 15.0	  4.8	30	NA	5.1	NA	 2.2
468	2008	5	  6.7	 10.4	 18.2	28	  3.5	 -2.6	10	NA	 33.8	 10.0	10	NA	5.8	NA	 2.6
468	2008	6	  8.2	 12.1	 17.8	14	  4.2	 -0.8	19	NA	 21.7	  6.6	1	NA	5.8	NA	 3.0
468	2008	7	 12.6	 17.8	 24.0	30	  8.4	  3.8	20	NA	 33.7	 12.6	22	NA	4.9	NA	 2.5
468	2008	8	 10.3	 15.2	 22.2	1	  6.8	  2.8	21	NA	 26.4	  7.1	25	NA	5.0	NA	 2.4
468	2008	9	  7.7	 11.1	 16.2	17	  5.0	 -2.8	30	NA	 37.5	 11.3	2	NA	5.4	NA	 4.6
468	2008	10	 -1.1	  1.4	  7.4	9	 -4.3	-12.4	22	NA	 55.2	 12.1	23	NA	6.0	NA	 3.4
468	2008	11	 -1.0	  2.1	  8.4	5	 -4.5	-11.6	21	NA	 54.8	 17.0	28	NA	6.1	NA	 3.8
468	2008	12	 -3.1	 -0.0	  9.4	11	 -7.3	-20.2	14	NA	 25.3	 12.2	13	NA	5.0	NA	 3.3
468	2009	1	 -1.1	  1.4	  6.6	8	 -4.3	-14.2	30	NA	 49.5	  7.7	10	NA	6.0	NA	 3.8
468	2009	2	 -6.2	 -2.3	  7.2	17	-10.3	-24.0	12	NA	 20.6	  6.4	21	NA	5.5	NA	 2.1
468	2009	3	 -2.9	 -0.3	  8.1	19	 -6.3	-20.8	7	NA	 37.2	  6.7	8	NA	6.3	NA	 3.4
468	2009	4	  1.6	  4.3	 10.0	29	 -1.3	 -8.0	9	NA	 29.2	  6.6	1	NA	6.5	NA	 2.4
468	2009	5	  5.5	  9.1	 14.4	13	  1.9	 -2.8	9	NA	 43.8	 11.7	9	NA	5.5	NA	 3.9
468	2009	6	  9.2	 14.0	 22.6	29	  5.4	 -1.4	20	NA	 24.0	  8.6	18	NA	5.6	NA	 2.4
468	2009	7	 10.3	 14.9	 24.0	1	  6.7	  2.0	26	NA	 28.2	 10.5	28	NA	5.4	NA	 2.1
468	2009	8	  9.5	 13.2	 18.6	7	  6.6	  1.5	22	NA	 75.9	 14.8	14	NA	6.5	NA	 2.3
468	2009	9	  5.9	  9.6	 17.2	13	  2.8	-10.0	30	NA	 26.7	  7.2	17	NA	5.1	NA	 3.0
468	2009	10	  1.5	  3.7	 12.8	14	 -1.4	 -7.6	8	NA	 31.5	  9.2	18	NA	6.4	NA	 3.3
468	2009	11	 -0.3	  1.4	  8.6	9	 -2.5	-10.6	18	NA	 41.7	  6.5	20	NA	6.4	NA	 2.7
468	2009	12	 -2.7	  0.1	 10.2	12	 -6.7	-19.8	28	NA	 68.9	 11.0	24	NA	5.9	NA	 2.9
468	2010	1	 -1.9	  0.8	 10.8	25	 -5.5	-20.2	1	NA	  1.6	  0.8	4	NA	4.7	NA	 2.9
468	2010	2	 -6.2	 -3.3	  3.8	13	 -9.8	-19.8	23	NA	 27.1	  6.5	16	NA	5.1	NA	 2.0
468	2010	3	 -1.1	  2.7	  8.0	30	 -3.8	-18.0	1	NA	 25.8	  5.3	24	NA	6.2	NA	 3.1
468	2010	4	 -1.4	  1.9	 12.8	10	 -4.9	-13.2	23	NA	 28.8	 12.6	6	NA	4.9	NA	 4.1
468	2010	5	  5.3	  9.3	 16.6	22	  1.4	 -5.0	11	NA	 21.7	  4.4	15	NA	5.8	NA	 2.1
468	2010	6	 11.1	 16.1	 22.0	18	  6.1	  1.0	7	NA	  6.9	  3.4	10	NA	4.6	NA	 2.4
468	2010	7	 10.8	 15.5	 24.0	25	  7.6	  4.0	17	NA	 49.5	 12.6	11	NA	5.9	NA	 2.1
468	2010	8	 10.4	 14.2	 21.8	9	  7.3	 -1.3	29	NA	 32.0	 13.6	22	NA	6.3	NA	 1.8
468	2010	9	  8.2	 11.6	 20.8	4	  5.5	 -4.2	23	NA	 52.1	 37.2	15	NA	5.7	NA	 3.6
468	2010	10	  2.8	  5.5	 13.5	10	  0.5	 -9.5	25	NA	 38.7	  7.5	5	NA	6.0	NA	 1.8
468	2010	11	NA	NA	NA	NA	NA	NA	NA	NA	 50.3	 13.2	18	NA	NA	NA	NA
468	2010	12	NA	NA	NA	NA	NA	NA	NA	NA	 53.6	 16.4	18	NA	NA	NA	NA
468	2011	1	NA	NA	NA	NA	NA	NA	NA	NA	 63.1	 19.5	7	NA	NA	NA	NA
468	2011	2	NA	NA	NA	NA	NA	NA	NA	NA	 19.1	  3.7	23	NA	NA	NA	NA
468	2011	3	NA	NA	NA	NA	NA	NA	NA	NA	 46.4	  8.4	2	NA	NA	NA	NA
468	2011	4	NA	NA	NA	NA	NA	NA	NA	NA	 11.2	  5.8	4	NA	NA	NA	NA
468	2011	5	NA	NA	NA	NA	NA	NA	NA	NA	 40.8	 11.2	9	NA	NA	NA	NA
468	2011	6	NA	NA	NA	NA	NA	NA	NA	NA	 24.0	  6.8	13	NA	NA	NA	NA
468	2011	7	NA	NA	NA	NA	NA	NA	NA	NA	 20.2	  5.8	25	NA	NA	NA	NA
468	2011	8	NA	NA	NA	NA	NA	NA	NA	NA	 46.0	 16.8	15	NA	NA	NA	NA
468	2011	9	NA	NA	NA	NA	NA	NA	NA	NA	 72.8	 21.3	8	NA	NA	NA	NA
468	2011	10	NA	NA	NA	NA	NA	NA	NA	NA	 99.4	 21.2	6	NA	NA	NA	NA
468	2011	11	NA	NA	NA	NA	NA	NA	NA	NA	 45.7	  8.2	19	NA	NA	NA	NA
468	2011	12	NA	NA	NA	NA	NA	NA	NA	NA	 36.0	  6.6	5	NA	NA	NA	NA
468	2012	1	NA	NA	NA	NA	NA	NA	NA	NA	 73.1	 15.3	19	NA	NA	NA	NA
468	2012	2	NA	NA	NA	NA	NA	NA	NA	NA	 25.3	  9.2	2	NA	NA	NA	NA
468	2012	3	NA	NA	NA	NA	NA	NA	NA	NA	 34.8	 17.7	4	NA	NA	NA	NA
468	2012	4	NA	NA	NA	NA	NA	NA	NA	NA	 29.0	  8.0	8	NA	NA	NA	NA
468	2012	5	NA	NA	NA	NA	NA	NA	NA	NA	 17.4	  4.9	25	NA	NA	NA	NA
468	2012	6	NA	NA	NA	NA	NA	NA	NA	NA	 15.7	  7.9	17	NA	NA	NA	NA
468	2012	7	NA	NA	NA	NA	NA	NA	NA	NA	 24.8	  5.9	23	NA	NA	NA	NA
468	2012	8	NA	NA	NA	NA	NA	NA	NA	NA	 11.4	  3.5	29	NA	NA	NA	NA
468	2012	9	NA	NA	NA	NA	NA	NA	NA	NA	133.5	 50.9	10	NA	NA	NA	NA
468	2012	10	NA	NA	NA	NA	NA	NA	NA	NA	 27.6	  5.5	27	NA	NA	NA	NA
468	2012	11	NA	NA	NA	NA	NA	NA	NA	NA	 88.0	 15.0	3	NA	NA	NA	NA
468	2012	12	NA	NA	NA	NA	NA	NA	NA	NA	 32.9	  8.0	30	NA	NA	NA	NA
468	2013	1	NA	NA	NA	NA	NA	NA	NA	NA	 47.2	 11.0	28	NA	NA	NA	NA
468	2013	2	NA	NA	NA	NA	NA	NA	NA	NA	 14.3	  4.2	5	NA	NA	NA	NA
468	2013	3	NA	NA	NA	NA	NA	NA	NA	NA	 19.9	  8.3	5	NA	NA	NA	NA
468	2013	4	NA	NA	NA	NA	NA	NA	NA	NA	 17.8	  6.0	29	NA	NA	NA	NA
468	2013	5	NA	NA	NA	NA	NA	NA	NA	NA	 36.5	  9.4	28	NA	NA	NA	NA
468	2013	6	NA	NA	NA	NA	NA	NA	NA	NA	 21.8	  5.9	29	NA	NA	NA	NA
468	2013	7	NA	NA	NA	NA	NA	NA	NA	NA	 46.7	  8.9	19	NA	NA	NA	NA
468	2013	8	NA	NA	NA	NA	NA	NA	NA	NA	 38.6	  8.9	10	NA	NA	NA	NA
468	2013	9	NA	NA	NA	NA	NA	NA	NA	NA	108.8	 60.5	16	NA	NA	NA	NA
468	2013	10	NA	NA	NA	NA	NA	NA	NA	NA	 88.2	 15.0	24	NA	NA	NA	NA
468	2013	11	NA	NA	NA	NA	NA	NA	NA	NA	 28.2	  6.6	16	NA	NA	NA	NA
468	2013	12	NA	NA	NA	NA	NA	NA	NA	NA	 57.0	 10.0	23	NA	NA	NA	NA
468	2014	1	NA	NA	NA	NA	NA	NA	NA	NA	 25.9	  5.0	2	NA	NA	NA	NA
468	2014	2	NA	NA	NA	NA	NA	NA	NA	NA	 24.6	  3.5	3	NA	NA	NA	NA
468	2014	3	NA	NA	NA	NA	NA	NA	NA	NA	 49.9	  8.5	21	NA	NA	NA	NA
468	2014	4	NA	NA	NA	NA	NA	NA	NA	NA	  5.7	  3.3	12	NA	NA	NA	NA
468	2014	5	NA	NA	NA	NA	NA	NA	NA	NA	 10.5	  2.1	13	NA	NA	NA	NA
468	2014	6	NA	NA	NA	NA	NA	NA	NA	NA	 41.3	 16.4	22	NA	NA	NA	NA
468	2014	7	NA	NA	NA	NA	NA	NA	NA	NA	 94.6	 40.0	5	NA	NA	NA	NA
468	2014	8	NA	NA	NA	NA	NA	NA	NA	NA	 52.3	 16.0	2	NA	NA	NA	NA
468	2014	9	NA	NA	NA	NA	NA	NA	NA	NA	 26.2	  8.0	27	NA	NA	NA	NA
468	2014	10	NA	NA	NA	NA	NA	NA	NA	NA	 39.7	  8.4	23	NA	NA	NA	NA
468	2014	11	NA	NA	NA	NA	NA	NA	NA	NA	 53.3	 15.5	1	NA	NA	NA	NA
468	2014	12	NA	NA	NA	NA	NA	NA	NA	NA	 84.5	 14.3	22	NA	NA	NA	NA
468	2015	1	NA	NA	NA	NA	NA	NA	NA	NA	 47.0	  8.5	29	NA	NA	NA	NA
468	2015	2	NA	NA	NA	NA	NA	NA	NA	NA	 19.1	  4.0	24	NA	NA	NA	NA
468	2015	3	NA	NA	NA	NA	NA	NA	NA	NA	 26.8	  6.5	20	NA	NA	NA	NA
468	2015	4	NA	NA	NA	NA	NA	NA	NA	NA	 16.1	  3.8	1	NA	NA	NA	NA
468	2015	5	NA	NA	NA	NA	NA	NA	NA	NA	 22.3	  6.0	24	NA	NA	NA	NA
468	2015	6	NA	NA	NA	NA	NA	NA	NA	NA	  9.7	  2.9	18	NA	NA	NA	NA
468	2015	7	NA	NA	NA	NA	NA	NA	NA	NA	 34.9	  8.7	20	NA	NA	NA	NA
468	2015	8	NA	NA	NA	NA	NA	NA	NA	NA	 48.2	  8.4	27	NA	NA	NA	NA
468	2015	9	NA	NA	NA	NA	NA	NA	NA	NA	 40.4	 18.4	29	NA	NA	NA	NA
468	2015	10	NA	NA	NA	NA	NA	NA	NA	NA	 41.0	 11.0	1	NA	NA	NA	NA
468	2015	11	NA	NA	NA	NA	NA	NA	NA	NA	 38.5	 12.0	30	NA	NA	NA	NA
468	2015	12	NA	NA	NA	NA	NA	NA	NA	NA	 40.9	  8.4	23	NA	NA	NA	NA
468	2016	1	NA	NA	NA	NA	NA	NA	NA	NA	 28.6	  7.7	31	NA	NA	NA	NA
468	2016	2	NA	NA	NA	NA	NA	NA	NA	NA	 42.6	 13.7	12	NA	NA	NA	NA
468	2016	3	NA	NA	NA	NA	NA	NA	NA	NA	 37.3	 20.0	25	NA	NA	NA	NA
468	2016	4	NA	NA	NA	NA	NA	NA	NA	NA	 54.8	 25.5	30	NA	NA	NA	NA
468	2016	5	NA	NA	NA	NA	NA	NA	NA	NA	  9.3	  3.0	3	NA	NA	NA	NA
468	2016	6	NA	NA	NA	NA	NA	NA	NA	NA	 22.3	  5.9	29	NA	NA	NA	NA
468	2016	7	NA	NA	NA	NA	NA	NA	NA	NA	 58.6	 22.0	21	NA	NA	NA	NA
468	2016	8	NA	NA	NA	NA	NA	NA	NA	NA	 43.1	  7.1	12	NA	NA	NA	NA
468	2016	9	NA	NA	NA	NA	NA	NA	NA	NA	 73.5	 14.7	10	NA	NA	NA	NA
468	2016	10	NA	NA	NA	NA	NA	NA	NA	NA	  1.5	  0.4	12	NA	NA	NA	NA
468	2016	11	NA	NA	NA	NA	NA	NA	NA	NA	 71.8	 14.5	19	NA	NA	NA	NA
468	2016	12	NA	NA	NA	NA	NA	NA	NA	NA	 42.2	 17.2	24	NA	NA	NA	NA
468	2017	1	NA	NA	NA	NA	NA	NA	NA	NA	 26.9	  5.0	10	NA	NA	NA	NA
468	2017	2	NA	NA	NA	NA	NA	NA	NA	NA	 51.5	  7.8	18	NA	NA	NA	NA
468	2017	3	NA	NA	NA	NA	NA	NA	NA	NA	 21.6	  7.4	13	NA	NA	NA	NA
468	2017	4	NA	NA	NA	NA	NA	NA	NA	NA	 33.0	  8.9	7	NA	NA	NA	NA
468	2017	5	NA	NA	NA	NA	NA	NA	NA	NA	 43.1	 13.3	31	NA	NA	NA	NA
468	2017	6	NA	NA	NA	NA	NA	NA	NA	NA	 31.3	  7.2	22	NA	NA	NA	NA
468	2017	7	NA	NA	NA	NA	NA	NA	NA	NA	 29.5	  8.4	4	NA	NA	NA	NA
468	2017	8	NA	NA	NA	NA	NA	NA	NA	NA	 22.1	  5.4	9	NA	NA	NA	NA
468	2017	9	NA	NA	NA	NA	NA	NA	NA	NA	 64.7	 14.7	28	NA	NA	NA	NA
468	2017	10	NA	NA	NA	NA	NA	NA	NA	NA	 36.2	  9.4	12	NA	NA	NA	NA
468	2017	11	NA	NA	NA	NA	NA	NA	NA	NA	 70.2	 10.2	24	NA	NA	NA	NA
468	2017	12	NA	NA	NA	NA	NA	NA	NA	NA	 21.2	  3.7	7	NA	NA	NA	NA
468	2019	8	NA	NA	NA	NA	NA	NA	NA	NA	 97.1	 29.5	12	NA	NA	NA	NA
468	2019	9	NA	NA	NA	NA	NA	NA	NA	NA	 58.7	 15.3	20	NA	NA	NA	NA
468	2019	10	NA	NA	NA	NA	NA	NA	NA	NA	 45.6	  9.7	21	NA	NA	NA	NA
468	2019	11	NA	NA	NA	NA	NA	NA	NA	NA	  4.4	  3.9	14	NA	NA	NA	NA
468	2019	12	NA	NA	NA	NA	NA	NA	NA	NA	 88.8	  8.8	11	NA	NA	NA	NA
