Mánaðarmeðaltöl fyrir stöð 473 - Staðarhóll
stöð	 ár	mán	  t	  tx	  txx	txxD1	  tn	 tnn	tnnD1	 rh	 r	 rx	rxD1	 p	 n	sun	 f
473	1961	11	  0.2	  4.2	 13.4	14	 -4.0	-13.3	28	NA	126.4	 32.3	24	NA	6.4	NA	 3.2
473	1961	12	 -4.4	 -1.5	  7.7	17	 -8.0	-17.2	7	NA	 95.4	 17.4	4	NA	6.7	NA	 2.4
473	1962	1	 -1.1	  1.9	  9.6	28	 -4.6	-18.5	19	NA	 54.7	 15.1	11	NA	6.0	NA	 4.5
473	1962	2	 -2.5	  1.5	  9.5	23	 -6.7	-18.2	6	NA	 36.1	 13.2	16	NA	5.7	NA	 4.6
473	1962	3	 -6.3	 -2.7	  6.6	20	-10.0	-25.2	15	NA	 52.2	 10.7	31	NA	6.1	NA	 2.7
473	1962	4	  1.9	  6.4	 16.5	28	 -2.1	-17.8	2	NA	 31.1	 13.3	6	NA	5.9	NA	 3.2
473	1962	5	  5.1	  9.6	 18.6	26	  1.0	 -3.7	6	NA	 18.6	  9.6	4	NA	6.3	NA	 3.2
473	1962	6	  8.1	 12.1	 22.0	28	  4.3	 -1.6	25	NA	 39.7	  8.8	17	NA	6.8	NA	 3.3
473	1962	7	 10.0	 14.9	 21.0	26	  5.1	 -0.1	20	NA	 26.8	  8.1	31	NA	5.8	NA	 2.3
473	1962	8	  7.8	 11.3	 17.5	15	  5.3	 -2.0	13	NA	 38.0	  6.0	1	NA	7.3	NA	 2.4
473	1962	9	  5.6	 11.0	 15.1	21	  1.6	 -7.2	25	NA	 57.9	  9.9	29	NA	5.8	NA	 3.3
473	1962	10	  3.1	  7.0	 16.4	19	  0.0	-12.6	31	NA	 50.9	 13.4	30	NA	6.7	NA	 2.6
473	1962	11	 -1.6	  1.9	 10.5	10	 -5.7	-20.1	16	NA	 29.8	  5.6	14	NA	6.1	NA	 2.5
473	1962	12	 -2.7	  1.3	  9.7	22	 -6.5	-16.1	15	NA	 55.1	 18.6	9	NA	5.3	NA	 2.8
473	1963	1	 -5.2	 -1.4	  8.6	18	 -9.4	-21.2	5	NA	  7.0	  2.8	15	NA	4.3	NA	 2.3
473	1963	2	 -3.4	  0.8	  7.9	2	 -7.7	-20.1	6	NA	 34.7	 10.4	27	NA	5.7	NA	 2.2
473	1963	3	  1.2	  5.0	  9.3	3	 -1.4	 -7.9	13	NA	 19.9	  5.4	18	NA	5.9	NA	 2.1
473	1963	4	  0.5	  4.8	 14.3	5	 -2.5	-15.3	11	NA	 83.2	 31.9	12	NA	6.9	NA	 3.2
473	1963	5	  3.3	  7.7	 15.9	24	  0.2	 -9.3	2	NA	 44.2	 15.3	9	NA	6.5	NA	 3.3
473	1963	6	 10.1	 14.5	 22.1	3	  5.5	 -1.0	2	NA	 49.2	 16.0	17	NA	5.7	NA	 2.3
473	1963	7	  8.1	 12.6	 18.9	30	  4.6	 -0.2	26	NA	 47.9	  9.1	24	NA	6.3	NA	 3.3
473	1963	8	  7.0	 12.6	 19.8	4	  2.7	 -3.2	29	NA	 10.5	  4.5	14	NA	6.2	NA	 2.2
473	1963	9	  3.7	  8.1	 14.8	1	  0.7	 -9.0	29	NA	105.3	 43.1	9	NA	6.3	NA	 2.7
473	1963	10	  2.3	  6.9	 11.9	28	 -1.0	 -8.1	1	NA	 24.3	  7.6	16	NA	6.1	NA	 2.4
473	1963	11	 -3.9	 -0.6	  9.1	29	 -7.7	-17.4	16	NA	 85.5	 23.6	21	NA	6.6	NA	 2.4
473	1963	12	 -1.5	  1.8	  7.3	8	 -5.5	-16.0	20	NA	 26.3	 10.8	26	NA	5.6	NA	 1.7
473	1964	1	  0.2	  4.2	 10.7	22	 -3.0	-16.0	31	NA	 18.2	  4.9	23	NA	4.8	NA	 2.9
473	1964	2	  0.1	  4.2	 10.7	7	 -3.5	-16.2	5	NA	 10.3	  3.1	25	NA	4.8	NA	 1.7
473	1964	3	  3.5	  8.2	 12.4	28	 -0.1	 -7.6	2	NA	 21.9	  6.7	24	NA	4.8	NA	 2.3
473	1964	4	  1.9	  6.5	 12.8	27	 -2.1	 -9.2	19	NA	 31.1	  8.7	11	NA	5.5	NA	 2.0
473	1964	5	  5.8	 10.2	 18.8	23	  2.0	 -4.6	30	NA	 43.3	  7.3	20	NA	6.3	NA	 2.0
473	1964	6	  8.4	 12.9	 22.2	20	  3.8	 -2.1	18	NA	 21.2	  5.0	15	NA	5.8	NA	 2.2
473	1964	7	 10.0	 14.7	 22.8	21	  5.9	 -1.1	3	NA	 47.3	  8.0	9	NA	6.2	NA	 1.8
473	1964	8	  7.0	 11.3	 20.8	9	  3.6	 -3.6	15	NA	107.0	 21.8	21	NA	6.9	NA	 2.5
473	1964	9	  3.6	  7.8	 17.7	1	  0.7	 -7.5	8	NA	 81.5	 27.0	17	NA	6.5	NA	 1.7
473	1964	10	  2.7	  6.7	 14.7	3	 -0.9	-12.7	24	NA	 70.9	 17.6	11	NA	5.7	NA	 2.0
473	1964	11	 -0.6	  2.9	 12.3	2	 -4.6	-16.6	17	NA	 66.4	 14.6	28	NA	6.3	NA	 2.5
473	1964	12	 -3.2	  0.4	 10.5	20	 -7.2	-15.1	13	NA	 67.5	 21.6	31	NA	5.8	NA	 3.5
473	1965	1	 -3.4	  0.1	  7.6	6	 -6.7	-22.6	19	NA	127.5	 27.9	9	NA	6.7	NA	 4.0
473	1965	2	  1.0	  5.5	 11.3	16	 -1.9	-12.5	13	NA	 33.2	 24.5	13	NA	4.7	NA	 3.5
473	1965	3	 -5.9	 -0.6	 10.5	31	 -9.9	-21.6	25	NA	 18.5	  7.0	3	NA	5.0	NA	 2.3
473	1965	4	  0.4	  5.3	 14.2	30	 -3.6	-11.6	20	NA	 32.5	 12.2	15	NA	5.9	NA	 2.3
473	1965	5	  3.9	  9.5	 20.0	30	 -0.2	 -6.6	19	NA	 18.0	  8.9	22	NA	5.7	NA	 2.1
473	1965	6	  8.0	 12.2	 20.9	11	  3.1	 -1.6	22	NA	 24.2	  7.7	24	NA	5.9	NA	 2.5
473	1965	7	  9.4	 14.6	 20.9	19	  4.7	 -2.8	27	NA	 24.3	  6.0	31	NA	6.0	NA	 2.4
473	1965	8	  8.7	 13.1	 20.4	14	  5.1	 -0.6	6	NA	 28.1	  5.3	18	NA	6.7	NA	 2.6
473	1965	9	  3.9	  7.2	 17.5	1	  1.1	 -4.5	14	NA	 63.9	 11.3	13	NA	7.3	NA	 2.3
473	1965	10	  5.2	  9.4	 16.5	20	  1.5	-11.2	30	NA	 60.8	 17.1	15	NA	6.3	NA	 2.9
473	1965	11	 -2.8	  0.5	 13.9	4	 -6.2	-17.9	23	NA	 61.6	 10.4	24	NA	5.9	NA	 2.3
473	1965	12	 -5.8	 -2.5	  7.7	15	-10.9	-25.1	27	NA	 58.5	 11.9	6	NA	5.7	NA	 1.9
473	1966	1	 -4.9	 -1.5	  7.2	6	 -8.4	-21.1	21	NA	 52.4	 13.0	29	NA	5.5	NA	 3.5
473	1966	2	 -7.8	 -4.1	  1.2	4	-11.1	-19.7	25	NA	 40.4	  8.1	3	NA	5.4	NA	 2.2
473	1966	3	 -4.9	 -0.7	  7.3	19	 -8.6	-18.2	25	NA	113.7	 23.1	11	NA	6.3	NA	 3.8
473	1966	4	 -0.1	  4.0	  6.9	8	 -3.7	-20.5	2	NA	 32.2	 14.5	1	NA	5.1	NA	 2.3
473	1966	5	  3.4	  7.0	 15.6	28	  0.4	 -9.4	9	NA	 28.1	  4.9	12	NA	6.8	NA	 2.6
473	1966	6	 10.0	 14.4	 20.9	12	  5.7	  0.5	11	NA	 21.5	  8.5	19	NA	6.4	NA	 2.6
473	1966	7	  9.3	 13.4	 24.5	7	  7.1	  2.5	25	NA	 68.9	 31.0	24	NA	6.8	NA	 3.7
473	1966	8	  7.8	 12.3	 19.7	27	  3.9	 -2.5	12	NA	 40.4	 19.0	4	NA	6.2	NA	 2.5
473	1966	9	  5.6	  9.7	 17.1	23	  2.0	 -4.9	9	NA	 21.7	  6.2	3	NA	6.3	NA	 2.9
473	1966	10	  0.2	  3.9	 11.1	30	 -2.6	-11.7	6	NA	 43.1	  6.7	3	NA	6.1	NA	 1.9
473	1966	11	 -1.8	  2.2	 10.3	18	 -6.8	-13.6	5	NA	123.7	 34.3	28	NA	6.2	NA	 3.9
473	1966	12	 -4.2	 -1.0	  5.6	5	 -8.1	-16.4	25	NA	132.9	 29.8	31	NA	6.7	NA	 3.6
473	1967	1	 -2.2	  2.2	 13.0	9	 -6.3	-17.0	3	NA	 21.1	 12.5	1	NA	4.9	NA	 3.0
473	1967	2	  0.2	  3.2	  8.8	10	 -2.8	-17.5	27	NA	 44.3	 13.0	26	NA	5.9	NA	 5.0
473	1967	3	 -7.7	 -3.3	  6.2	18	-11.9	-23.2	13	NA	120.3	 14.9	23	NA	6.5	NA	 4.2
473	1967	4	 -0.1	  4.1	 11.0	27	 -3.8	-19.0	22	NA	 18.3	  4.9	17	NA	5.7	NA	 4.6
473	1967	5	  1.9	  6.5	 16.2	30	 -1.9	-10.6	1	NA	 24.4	  8.2	27	NA	5.7	NA	 2.5
473	1967	6	  8.3	 13.1	 18.8	17	  3.9	 -2.0	23	NA	 42.1	 13.2	29	NA	6.2	NA	 3.0
473	1967	7	  7.0	 11.1	 19.2	13	  3.7	 -0.7	25	NA	 77.0	 21.4	28	NA	6.7	NA	 3.7
473	1967	8	  8.7	 13.7	 17.6	13	  4.7	 -2.7	3	NA	 17.9	  4.4	8	NA	5.9	NA	 2.8
473	1967	9	  6.8	 12.8	 19.6	11	  3.0	 -5.4	6	NA	 27.1	  8.4	15	NA	5.5	NA	 2.6
473	1967	10	  0.4	  3.2	 11.8	1	 -2.4	-12.3	20	NA	124.5	 40.6	2	NA	7.0	NA	 2.7
473	1967	11	 -2.2	  1.7	 10.0	18	 -6.8	-19.1	29	NA	 44.0	 10.6	12	NA	5.7	NA	 3.7
473	1967	12	 -3.2	  0.1	  9.4	12	 -7.0	-13.4	28	NA	156.7	 19.0	5	NA	6.3	NA	 3.6
473	1968	1	 -5.1	 -1.2	  6.5	22	 -8.9	-17.5	7	NA	109.3	 21.0	27	NA	6.4	NA	 3.7
473	1968	2	 -5.5	 -0.7	 10.2	28	-11.0	-23.1	15	NA	 46.7	 13.9	7	NA	5.7	NA	 3.9
473	1968	3	 -4.7	 -0.6	 11.0	6	 -8.4	-21.7	25	NA	 72.3	  9.3	17	NA	6.7	NA	 3.6
473	1968	4	 -1.6	  4.1	 12.8	22	 -5.2	-20.1	1	NA	 43.0	 10.0	1	NA	5.3	NA	 2.4
473	1968	5	  2.3	  7.1	 17.0	27	 -3.0	-14.5	1	NA	 27.6	 12.6	12	NA	4.1	NA	 2.3
473	1968	6	  6.8	 11.4	 18.2	11	  3.5	 -0.7	28	NA	 48.8	 14.5	5	NA	6.8	NA	 3.6
473	1968	7	 10.3	 15.8	 22.3	19	  5.4	 -1.5	12	NA	 27.6	  6.8	2	NA	5.1	NA	 2.0
473	1968	8	  9.3	 14.1	 21.3	5	  5.2	 -3.5	14	NA	 70.7	 15.9	31	NA	6.0	NA	 3.6
473	1968	9	  7.2	 11.8	 18.8	12	  4.4	 -1.7	29	NA	 40.3	 11.2	30	NA	6.5	NA	 2.3
473	1968	10	 -1.3	  1.8	  8.0	19	 -4.2	-11.8	30	NA	 28.5	  6.9	15	NA	6.3	NA	 2.4
473	1968	11	  1.8	  4.6	 11.4	20	 -1.7	-17.0	2	NA	 78.7	 40.3	5	NA	6.0	NA	 2.4
473	1968	12	 -3.1	  0.7	  9.9	31	 -7.4	-20.0	19	NA	 44.7	  9.6	19	NA	5.6	NA	 2.7
473	1969	1	 -3.8	 -1.6	  9.8	1	 -6.3	-16.5	14	NA	 88.7	 18.4	16	NA	7.3	NA	 4.8
473	1969	2	 -6.6	 -2.6	  7.4	28	-11.7	-24.3	20	NA	 79.7	 10.9	6	NA	5.8	NA	 3.9
473	1969	3	 -5.3	 -0.6	  7.6	5	 -9.1	-28.9	9	NA	 38.0	 11.5	18	NA	6.0	NA	 2.7
473	1969	4	 -0.9	  3.4	 11.2	18	 -4.5	-14.9	13	NA	 24.7	  5.1	23	NA	5.8	NA	 3.2
473	1969	5	  3.8	  8.9	 17.8	26	 -0.0	 -9.2	13	NA	  5.6	  2.9	26	NA	5.2	NA	 2.3
473	1969	6	  9.5	 14.9	 22.1	18	  4.5	 -4.2	2	NA	 32.7	  6.6	16	NA	6.0	NA	 2.5
473	1969	7	  8.8	 13.4	 19.0	31	  4.6	 -0.5	7	NA	 74.2	 17.8	3	NA	6.4	NA	 3.1
473	1969	8	 11.0	 16.0	 21.8	14	  7.2	  0.6	21	NA	 47.5	  8.4	3	NA	6.5	NA	 2.8
473	1969	9	  4.7	  9.5	 18.0	3	  1.4	 -8.0	28	NA	 37.0	  5.9	27	NA	6.0	NA	 2.4
473	1969	10	  1.7	  5.2	 10.6	18	 -0.8	-12.0	1	NA	 82.2	 10.3	7	NA	6.1	NA	 2.4
473	1969	11	 -4.5	 -0.3	  9.8	30	 -8.6	-15.1	22	NA	107.0	 13.9	8	NA	5.9	NA	 3.5
473	1969	12	 -2.7	  1.6	  9.4	27	 -7.1	-22.9	11	NA	 39.6	 10.7	10	NA	5.9	NA	 2.4
473	1970	1	 -2.0	  1.3	  8.6	21	 -5.5	-26.5	9	NA	 83.4	 21.5	11	NA	5.5	NA	 3.6
473	1970	2	 -5.8	 -2.1	  8.1	28	-10.3	-19.6	15	NA	 55.7	 10.0	3	NA	6.0	NA	 3.4
473	1970	3	 -5.7	 -1.9	  8.3	15	 -9.2	-15.5	10	NA	 98.6	 11.7	17	NA	6.6	NA	 4.5
473	1970	4	 -0.8	  3.2	  8.0	30	 -4.6	-12.0	1	NA	 15.6	  3.9	15	NA	5.7	NA	 1.8
473	1970	5	  4.6	  8.9	 13.8	8	  1.0	 -2.7	15	NA	 29.5	  7.7	24	NA	6.5	NA	 2.6
473	1970	6	 10.2	 15.1	 19.8	17	  4.3	 -1.0	5	NA	  9.0	  5.3	3	NA	5.2	NA	 3.4
473	1970	7	  6.6	 10.5	 18.8	16	  3.7	 -0.9	25	NA	 76.9	 23.1	10	NA	6.6	NA	 3.9
473	1970	8	  8.8	 13.3	 20.3	23	  4.3	 -4.5	10	NA	 62.8	 11.1	14	NA	5.7	NA	 2.7
473	1970	9	  5.3	  9.8	 15.6	23	  1.4	 -5.2	15	NA	101.8	 34.1	2	NA	5.8	NA	 3.2
473	1970	10	  1.3	  4.8	 13.0	16	 -2.0	-17.5	29	NA	120.5	 22.7	9	NA	6.6	NA	 3.4
473	1970	11	 -2.2	  1.2	 12.8	27	 -6.6	-16.2	2	NA	 72.2	 28.4	13	NA	6.2	NA	 2.7
473	1970	12	 -1.2	  3.4	 12.6	10	 -5.0	-16.2	30	NA	 88.1	 23.8	17	NA	5.1	NA	 3.3
473	1971	1	 -7.2	 -3.1	  8.0	13	-11.8	-25.0	4	NA	 54.5	 12.4	20	NA	6.0	NA	 2.7
473	1971	2	 -1.9	  2.0	 10.1	8	 -6.0	-20.0	19	NA	 54.3	 11.9	13	NA	6.3	NA	 3.7
473	1971	3	 -1.1	  1.8	 10.5	6	 -4.4	-14.5	9	NA	 38.7	  8.6	16	NA	6.5	NA	 3.0
473	1971	4	  0.9	  4.6	  9.8	13	 -2.4	-12.5	7	NA	 35.0	 11.4	19	NA	6.8	NA	 3.5
473	1971	5	  5.3	 10.0	 15.6	31	  1.4	 -2.0	16	NA	 45.6	 11.9	27	NA	6.6	NA	 2.6
473	1971	6	  7.1	 11.4	 20.0	4	  2.2	 -1.5	12	NA	 27.0	  8.8	28	NA	5.0	NA	 3.3
473	1971	7	  9.1	 14.4	 19.0	6	  4.8	 -0.5	10	NA	 32.7	  9.8	15	NA	5.7	NA	 2.8
473	1971	8	  8.3	 13.1	 20.8	15	  4.1	 -3.8	12	NA	129.5	 98.5	27	NA	5.5	NA	 3.8
473	1971	9	  6.0	  9.8	 16.8	14	  2.6	 -5.5	23	NA	 56.4	 10.4	9	NA	6.9	NA	 2.3
473	1971	10	  2.1	  5.4	 15.4	26	 -1.1	-11.6	14	NA	 53.5	  9.7	11	NA	6.5	NA	 2.8
473	1971	11	 -2.3	  2.0	 12.6	24	 -6.3	-17.0	21	NA	 66.6	 19.2	7	NA	6.3	NA	 3.7
473	1971	12	 -3.3	  1.2	  9.2	30	 -8.1	-18.0	12	NA	 73.5	 13.7	13	NA	5.2	NA	 3.3
473	1972	1	  1.4	  4.5	 10.5	29	 -1.9	-11.5	27	NA	 29.6	  8.0	24	NA	5.1	NA	 4.2
473	1972	2	 -0.0	  3.4	 11.0	23	 -3.7	-22.5	16	NA	 20.7	  8.3	13	NA	6.0	NA	 3.4
473	1972	3	  0.9	  4.6	 10.5	10	 -2.4	-12.8	22	NA	 37.6	 13.1	25	NA	6.1	NA	 3.4
473	1972	4	  1.4	  5.4	 17.0	24	 -2.1	-18.0	9	NA	 32.6	  6.0	3	NA	6.4	NA	 3.2
473	1972	5	  6.7	 11.0	 15.7	21	  2.6	 -5.3	3	NA	  9.5	  3.1	27	NA	5.9	NA	 3.2
473	1972	6	  7.4	 11.5	 16.2	14	  4.2	  0.0	1	NA	 88.7	 17.1	16	NA	6.8	NA	 3.3
473	1972	7	 10.1	 14.8	 21.0	27	  6.7	  1.0	17	NA	 45.6	 23.9	3	NA	NA	NA	NA
473	1972	8	  8.7	 13.2	 19.7	28	  5.1	 -1.0	31	NA	 75.8	 16.7	5	NA	6.3	NA	 3.4
473	1972	9	  6.5	 11.4	 18.3	17	  3.0	 -2.2	13	NA	 73.0	 29.8	7	NA	6.1	NA	 3.2
473	1972	10	  2.5	  7.0	 14.0	12	 -1.1	 -9.5	24	NA	 75.2	 25.1	28	NA	5.6	NA	 2.8
473	1972	11	 -1.1	  1.5	 10.4	26	 -4.2	-15.4	22	NA	119.0	 27.1	28	NA	6.6	NA	 4.5
473	1972	12	 -0.6	  2.7	  9.6	19	 -4.2	-18.3	11	NA	 65.1	 14.2	6	NA	6.1	NA	 4.4
473	1973	1	  0.7	  4.6	 11.9	10	 -3.0	-13.7	27	NA	 16.7	  5.9	17	NA	5.4	NA	 3.1
473	1973	2	 -6.1	 -1.6	  7.3	1	-10.4	-23.0	25	NA	 87.2	 20.8	14	NA	6.5	NA	 4.2
473	1973	3	  0.7	  4.7	 10.6	11	 -3.5	-19.3	25	NA	 30.7	 17.5	31	NA	6.1	NA	 3.2
473	1973	4	  0.7	  4.8	 13.0	23	 -3.1	-19.5	2	NA	 55.6	 15.2	5	NA	6.4	NA	 3.4
473	1973	5	  3.3	  7.7	 15.3	26	 -0.7	 -5.4	19	NA	 68.0	 30.5	10	NA	5.8	NA	 3.1
473	1973	6	  6.5	 10.4	 17.8	16	  3.4	 -6.3	10	NA	 42.5	  9.6	3	NA	6.8	NA	 3.4
473	1973	7	  9.3	 14.8	 23.5	26	  4.9	 -0.2	22	NA	 24.4	  7.3	1	NA	5.2	NA	 2.7
473	1973	8	  8.7	 13.8	 21.9	24	  4.5	 -3.0	20	NA	 54.2	 15.8	17	NA	5.6	NA	 3.0
473	1973	9	  7.5	 12.2	 21.2	12	  3.7	 -4.5	22	NA	 41.0	 14.4	20	NA	NA	NA	NA
473	1973	10	  1.9	  6.2	 18.0	1	 -2.0	-17.1	19	NA	 74.2	 28.7	8	NA	5.7	NA	 2.5
473	1973	11	 -7.0	 -2.9	  6.2	20	-12.6	-27.1	24	NA	 67.2	 10.8	19	NA	6.0	NA	 2.4
473	1973	12	 -7.2	 -2.2	 11.3	2	-11.5	-23.3	22	NA	101.3	 13.5	19	NA	6.8	NA	 4.3
473	1974	1	 -0.4	  3.0	  8.4	20	 -4.1	-14.8	17	NA	 35.2	  6.8	19	NA	6.4	NA	 4.0
473	1974	2	 -1.9	  0.9	 10.0	26	 -5.6	-20.7	17	NA	 84.4	 20.1	11	NA	6.5	NA	 5.0
473	1974	3	  2.6	  6.0	 10.2	31	 -0.3	 -6.2	20	NA	  5.3	  1.7	31	NA	5.5	NA	 3.7
473	1974	4	  6.1	 10.8	 18.0	24	  1.6	 -5.5	8	NA	 38.6	 19.2	9	NA	5.9	NA	 3.5
473	1974	5	  6.5	 11.3	 17.0	24	  2.1	 -7.8	27	NA	 17.9	  3.7	11	NA	5.8	NA	 3.3
473	1974	6	  8.6	 13.3	 26.0	23	  5.0	  0.6	5	NA	 54.0	 12.0	3	NA	6.3	NA	 4.1
473	1974	7	  9.1	 13.7	 21.6	24	  5.6	  0.3	16	NA	 60.9	 13.6	21	NA	6.0	NA	 3.6
473	1974	8	  8.0	 12.2	 19.6	7	  4.6	 -2.5	19	NA	105.3	 56.7	26	NA	6.1	NA	 3.1
473	1974	9	  4.1	  7.8	 17.4	1	  0.8	 -8.2	30	NA	142.9	 37.2	27	NA	6.6	NA	 3.6
473	1974	10	  1.5	  6.1	 13.1	23	 -1.4	 -8.5	29	NA	 47.9	  9.3	26	NA	4.8	NA	 1.9
473	1974	11	 -0.9	  2.3	 11.4	5	 -3.5	-14.0	17	NA	 49.1	 11.4	12	NA	5.6	NA	 1.9
473	1974	12	 -5.3	 -1.5	  6.7	30	 -9.7	-20.7	22	NA	100.0	 38.7	9	NA	6.0	NA	 4.2
473	1975	1	 -7.9	 -3.2	  8.1	1	-12.3	-23.3	11	NA	 60.0	 11.7	14	NA	5.6	NA	 4.0
473	1975	2	 -0.2	  3.2	  8.3	27	 -3.0	-14.2	15	NA	  6.6	  3.4	17	NA	5.2	NA	 3.4
473	1975	3	 -2.5	  1.1	 10.4	11	 -5.9	-16.2	28	NA	 51.7	 13.0	8	NA	6.3	NA	 4.4
473	1975	4	 -0.4	  3.5	 11.8	24	 -4.1	-18.7	13	NA	 34.2	  9.6	30	NA	5.8	NA	 3.0
473	1975	5	  5.1	 10.5	 22.0	25	  0.4	-12.7	12	NA	 37.4	 14.7	10	NA	5.1	NA	 3.3
473	1975	6	  6.0	 10.5	 20.8	27	  2.8	 -5.5	4	NA	 27.4	  7.4	8	NA	6.7	NA	 3.1
473	1975	7	 10.2	 15.9	 24.3	4	  5.6	 -1.3	30	NA	 54.4	 15.3	23	NA	5.4	NA	 2.9
473	1975	8	 10.1	 16.1	 20.3	22	  6.5	  1.3	22	NA	 28.7	  8.1	4	NA	5.3	NA	 3.2
473	1975	9	  2.5	  7.4	 15.7	3	 -0.9	-12.8	30	NA	 79.1	 15.7	23	NA	5.9	NA	 3.3
473	1975	10	  2.8	  6.2	 15.8	11	  0.2	-10.0	31	NA	 62.1	 16.1	2	NA	6.1	NA	 2.0
473	1975	11	 -0.0	  3.9	 15.8	8	 -3.1	-13.4	26	NA	 61.3	 13.6	30	NA	6.0	NA	 3.7
473	1975	12	 -3.4	  2.7	  9.5	13	 -8.6	-20.9	24	NA	 67.3	  9.4	24	NA	5.6	NA	 4.2
473	1976	1	 -6.0	 -1.9	  8.8	17	-10.9	-22.0	12	NA	 20.1	  6.6	20	NA	5.8	NA	 3.4
473	1976	2	 -0.9	  3.4	  9.6	20	 -4.1	-13.3	12	NA	 39.2	 13.8	22	NA	5.3	NA	 4.7
473	1976	3	  0.9	  4.4	 10.5	3	 -2.7	-12.3	1	NA	 18.7	  4.9	30	NA	5.2	NA	 4.4
473	1976	4	  1.8	  6.5	 17.6	22	 -2.1	-12.5	18	NA	 19.2	  3.8	29	NA	6.4	NA	 2.7
473	1976	5	  4.6	 10.3	 20.4	27	  0.2	-14.1	5	NA	 57.4	 11.6	4	NA	5.6	NA	 3.0
473	1976	6	  9.0	 14.5	 19.6	15	  4.6	 -2.8	1	NA	 45.5	  7.1	11	NA	5.6	NA	 3.6
473	1976	7	 11.3	 16.9	 24.7	9	  7.3	  0.6	3	NA	 29.9	  6.1	29	NA	5.6	NA	 2.7
473	1976	8	 10.9	 16.8	 24.3	28	  6.7	  0.5	30	NA	 29.8	 15.2	15	NA	5.6	NA	 4.1
473	1976	9	  6.3	 13.4	 20.0	14	  1.1	 -6.6	9	NA	  8.4	  6.5	6	NA	4.2	NA	 2.4
473	1976	10	  3.6	  7.7	 13.4	1	  0.9	 -6.4	16	NA	 51.1	 25.5	7	NA	5.8	NA	 2.6
473	1976	11	  1.2	  4.5	 14.1	19	 -1.3	-13.4	22	NA	 39.8	  8.0	29	NA	6.6	NA	 4.0
473	1976	12	 -4.8	 -1.6	  7.5	12	 -7.8	-19.6	31	NA	 70.7	 19.8	2	NA	5.0	NA	 2.9
473	1977	1	 -3.6	 -0.7	  9.3	3	 -7.2	-20.7	1	NA	 88.7	 23.4	31	NA	6.6	NA	 4.0
473	1977	2	 -6.1	 -1.2	  5.5	18	 -9.6	-20.0	8	NA	 35.3	 19.2	1	NA	4.7	NA	 1.8
473	1977	3	 -1.5	  1.9	  6.0	23	 -4.4	-13.6	27	NA	 51.9	 12.6	4	NA	6.4	NA	 2.4
473	1977	4	 -2.3	  1.7	  8.6	9	 -5.7	-21.5	17	NA	 58.8	 11.9	13	NA	5.7	NA	 3.0
473	1977	5	  4.8	  9.4	 19.3	31	  0.1	 -8.5	1	NA	  0.7	  0.4	6	NA	4.9	NA	 2.3
473	1977	6	  7.6	 13.0	 20.0	15	  4.2	 -3.3	9	NA	 37.1	  8.9	22	NA	6.2	NA	 3.0
473	1977	7	  9.8	 15.4	 20.7	9	  6.5	  1.6	26	NA	 40.2	 11.4	5	NA	6.4	NA	 3.0
473	1977	8	  8.7	 14.0	 23.7	14	  4.7	 -3.8	26	NA	 48.9	  9.1	5	NA	5.2	NA	 3.7
473	1977	9	  5.2	 11.2	 18.0	16	  0.8	 -7.8	9	NA	 47.5	 11.3	27	NA	5.0	NA	 3.0
473	1977	10	  2.3	  5.5	 10.8	19	  0.1	 -7.4	8	NA	106.8	 17.1	15	NA	6.9	NA	 2.0
473	1977	11	 -3.5	  0.5	  8.7	27	 -6.7	-17.0	25	NA	144.1	 36.0	12	NA	6.3	NA	 3.3
473	1977	12	 -1.6	  2.1	 10.0	4	 -4.9	-20.8	19	NA	 34.7	  6.7	27	NA	5.4	NA	 3.0
473	1978	1	 -4.4	 -0.8	  8.8	14	 -8.9	-19.0	4	NA	 21.6	  5.6	16	NA	6.0	NA	 3.7
473	1978	2	 -5.6	 -2.1	  5.4	6	 -8.4	-20.0	15	NA	 48.0	 10.5	27	NA	6.6	NA	 2.0
473	1978	3	 -1.6	  1.7	  6.7	18	 -5.1	-16.5	5	NA	 64.0	  8.2	4	NA	6.4	NA	 4.0
473	1978	4	  1.5	  5.8	 10.6	5	 -2.1	-10.5	12	NA	 16.9	  7.4	15	NA	5.4	NA	 3.3
473	1978	5	  5.5	 11.0	 17.4	7	  1.3	-10.0	4	NA	 38.2	 12.3	23	NA	5.4	NA	 3.8
473	1978	6	  7.8	 12.6	 21.4	12	  3.5	 -1.4	5	NA	 32.4	  6.0	1	NA	5.5	NA	 4.1
473	1978	7	  9.3	 14.0	 19.4	9	  5.9	  1.6	14	NA	 69.4	 18.4	1	NA	NA	NA	NA
473	1978	8	 10.7	 16.0	 21.5	12	  6.8	 -1.0	29	NA	 47.4	 20.4	21	NA	5.6	NA	 2.9
473	1978	9	  5.4	 10.2	 17.1	4	  2.2	 -4.2	18	NA	 19.3	  5.0	29	NA	6.3	NA	 3.6
473	1978	10	  2.6	  6.9	 14.8	26	 -0.8	 -6.5	20	NA	 57.2	 15.6	4	NA	5.4	NA	 4.1
473	1978	11	 -2.7	  1.9	 10.0	28	 -6.7	-19.7	27	NA	 55.4	 13.0	16	NA	5.2	NA	 2.7
473	1978	12	 -1.2	  1.9	  8.5	17	 -4.1	-18.0	22	NA	 14.4	  9.5	20	NA	5.9	NA	 2.3
473	1979	1	 -7.2	 -2.8	  7.6	18	-10.8	-26.2	12	NA	 70.1	 15.2	3	NA	5.6	NA	 4.1
473	1979	2	 -3.8	  0.7	 10.0	24	 -8.2	-23.5	2	NA	 13.7	  4.4	1	NA	5.8	NA	 3.0
473	1979	3	 -8.9	 -3.9	  6.7	18	-12.9	-21.4	7	NA	 98.0	 25.2	9	NA	5.1	NA	 2.9
473	1979	4	 -1.2	  2.6	  9.3	18	 -3.9	-14.4	1	NA	 66.3	 13.3	2	NA	6.8	NA	 3.9
473	1979	5	 -1.8	  1.9	 11.2	31	 -4.7	-13.2	19	NA	 87.9	 17.5	23	NA	6.1	NA	 3.7
473	1979	6	  7.9	 13.1	 18.9	27	  3.7	 -2.6	30	NA	 33.3	  6.6	14	NA	6.5	NA	 3.8
473	1979	7	  7.6	 12.8	 16.1	28	  4.3	 -1.8	24	NA	 34.7	  6.7	14	NA	6.5	NA	 3.4
473	1979	8	  7.2	 11.7	 17.8	13	  3.7	 -1.8	30	NA	 22.3	  7.7	21	NA	6.6	NA	 3.5
473	1979	9	  2.3	  6.1	 11.0	30	 -0.2	 -7.6	28	NA	 77.7	 15.8	6	NA	6.8	NA	 3.4
473	1979	10	  3.3	  6.8	 15.2	1	  0.1	-12.8	21	NA	 28.7	  6.6	31	NA	6.4	NA	 4.0
473	1979	11	 -2.5	  0.7	  6.8	21	 -5.9	-18.6	9	NA	 99.6	 38.2	4	NA	6.6	NA	 3.6
473	1979	12	 -2.6	  1.4	 11.3	20	 -5.9	-18.6	7	NA	 24.6	  8.0	29	NA	5.5	NA	 3.3
473	1980	1	 -4.3	 -0.1	  8.8	12	 -8.5	-19.5	29	NA	 46.5	 17.1	5	NA	5.6	NA	 3.5
473	1980	2	 -1.6	  1.9	 11.7	23	 -6.0	-24.7	4	NA	 33.9	  5.5	14	NA	5.9	NA	 3.9
473	1980	3	 -0.9	  2.7	  9.6	19	 -4.1	-15.3	2	NA	 34.2	 10.9	22	NA	5.8	NA	 3.4
473	1980	4	  2.9	  7.5	 14.0	30	 -0.6	 -9.0	3	NA	 19.0	  3.3	16	NA	5.7	NA	 4.6
473	1980	5	  6.5	 11.7	 21.0	18	  1.5	-11.7	9	NA	 24.1	  6.2	8	NA	5.2	NA	 3.5
473	1980	6	  8.5	 12.6	 18.2	12	  4.1	 -1.2	9	NA	 49.5	 10.7	21	NA	5.1	NA	 3.6
473	1980	7	 10.8	 15.2	 26.0	31	  6.2	  0.6	13	NA	 34.9	 12.8	25	NA	6.1	NA	 3.0
473	1980	8	  9.8	 14.4	 24.9	1	  5.6	 -2.5	22	NA	 29.8	  5.2	15	NA	5.9	NA	 2.4
473	1980	9	  5.5	 10.4	 17.6	1	  2.1	 -5.3	19	NA	 48.7	  9.0	24	NA	6.5	NA	 2.4
473	1980	10	 -1.6	  1.7	 11.3	31	 -5.1	-14.0	20	NA	 59.8	 19.0	8	NA	6.7	NA	 2.9
473	1980	11	 -1.7	  2.6	 10.9	4	 -6.1	-20.5	24	NA	 68.5	 15.3	28	NA	5.5	NA	 4.0
473	1980	12	 -5.2	 -0.9	 10.8	4	 -9.4	-25.2	19	NA	 45.4	 12.5	18	NA	6.3	NA	 4.3
473	1981	1	 -4.7	 -0.6	 10.3	27	 -9.5	-22.2	16	NA	105.9	 14.6	20	NA	6.3	NA	 4.6
473	1981	2	 -5.0	  0.9	  7.1	27	 -9.7	-24.0	4	NA	 23.9	  5.8	3	NA	4.9	NA	 4.1
473	1981	3	 -3.5	 -0.9	  6.8	31	 -6.2	-12.0	20	NA	 79.6	 13.2	23	NA	6.9	NA	 5.2
473	1981	4	  2.4	  7.3	 15.3	18	 -1.6	-11.0	23	NA	 16.1	  5.1	1	NA	5.1	NA	 3.5
473	1981	5	  4.0	  9.0	 16.4	14	  0.1	-11.3	1	NA	 15.1	  6.1	4	NA	6.0	NA	 2.9
473	1981	6	  6.8	 11.4	 20.3	21	  2.7	 -6.0	1	NA	 22.4	  8.0	29	NA	6.1	NA	 3.4
473	1981	7	  8.4	 13.1	 25.2	24	  5.0	 -1.5	31	NA	 31.1	  7.4	25	NA	6.4	NA	 3.5
473	1981	8	 10.0	 15.3	 21.0	27	  5.2	 -5.0	20	NA	 51.9	 15.2	29	NA	6.0	NA	 3.4
473	1981	9	  5.4	  8.9	 19.4	1	  2.2	 -6.8	29	NA	 92.8	 33.4	11	NA	7.2	NA	 3.4
473	1981	10	 -1.5	  0.9	 10.5	22	 -4.1	-10.6	16	NA	112.3	 16.2	20	NA	6.9	NA	 4.4
473	1981	11	 -3.3	  0.8	  9.8	8	 -7.4	-21.3	25	NA	 45.9	  9.5	15	NA	5.8	NA	 4.0
473	1981	12	 -4.8	 -1.0	 13.4	2	 -8.4	-23.5	22	NA	 88.1	 11.9	9	NA	6.7	NA	 4.8
473	1982	1	 -4.1	 -0.7	  6.9	12	 -9.0	-19.3	8	NA	 44.8	  6.4	18	NA	6.5	NA	 2.4
473	1982	2	  0.2	  3.3	  8.4	17	 -2.9	-13.8	15	NA	 56.5	 14.0	25	NA	6.4	NA	 4.2
473	1982	3	 -1.9	  2.4	 10.4	23	 -6.0	-17.1	3	NA	 43.9	 13.3	14	NA	5.3	NA	 4.0
473	1982	4	  2.0	  5.9	 11.4	18	 -1.4	-10.8	7	NA	 22.9	 10.1	15	NA	6.2	NA	 3.5
473	1982	5	  2.5	  6.1	 14.0	10	 -0.5	-15.0	5	NA	 56.2	 13.6	4	NA	6.7	NA	 3.9
473	1982	6	  8.5	 14.1	 21.1	6	  2.8	 -4.5	13	NA	  5.7	  4.5	1	NA	4.8	NA	 3.3
473	1982	7	 11.1	 15.6	 21.5	26	  7.7	  1.5	12	NA	 26.4	  7.4	15	NA	6.4	NA	 4.7
473	1982	8	  7.7	 12.5	 20.8	3	  3.8	 -5.6	28	NA	 61.1	 14.8	10	NA	6.0	NA	 3.2
473	1982	9	  3.9	  7.9	 11.6	1	  0.5	 -9.0	22	NA	 49.3	 12.5	10	NA	6.4	NA	 2.9
473	1982	10	  2.2	  6.1	 12.3	7	 -0.6	-12.5	26	NA	122.2	 29.1	25	NA	6.4	NA	 1.6
473	1982	11	 -3.1	  0.6	  9.9	5	 -7.3	-19.5	24	NA	 77.7	 43.6	14	NA	5.5	NA	 3.6
473	1982	12	 -3.5	  0.2	 10.1	29	 -8.5	-22.3	18	NA	 60.6	 14.8	20	NA	5.9	NA	 4.4
473	1983	1	 -4.6	 -0.5	 10.3	22	 -8.4	-21.0	17	NA	 56.5	 13.9	7	NA	5.3	NA	 4.7
473	1983	2	  0.3	  4.4	 11.6	11	 -4.2	-19.1	2	NA	 19.3	  6.3	5	NA	5.5	NA	 5.3
473	1983	3	 -2.6	  1.2	 10.9	1	 -6.5	-18.0	10	NA	 65.7	  9.8	8	NA	6.7	NA	 3.6
473	1983	4	 -3.6	  0.5	  7.0	12	 -7.3	-20.5	24	NA	123.0	 27.1	18	NA	6.1	NA	 4.7
473	1983	5	  2.1	  5.4	 12.8	27	 -0.1	 -3.8	2	NA	 36.9	 11.2	11	NA	6.8	NA	 2.8
473	1983	6	  8.1	 12.9	 19.3	27	  3.7	 -4.4	3	NA	 80.5	 17.8	11	NA	6.2	NA	 3.4
473	1983	7	  9.8	 15.1	 20.6	25	  5.9	 -2.5	19	NA	 51.1	 16.0	17	NA	6.1	NA	 3.8
473	1983	8	  9.0	 13.9	 21.8	24	  5.1	 -2.6	23	NA	 63.9	 13.4	15	NA	6.4	NA	 3.7
473	1983	9	  3.2	  8.9	 18.3	13	 -0.6	-10.5	29	NA	 48.1	 13.6	19	NA	5.4	NA	 2.8
473	1983	10	  0.4	  4.0	  8.9	29	 -3.3	-12.7	28	NA	106.3	 16.4	14	NA	6.3	NA	 4.4
473	1983	11	 -1.0	  3.1	 11.7	13	 -5.8	-16.5	29	NA	 97.2	 18.1	5	NA	6.3	NA	 4.1
473	1983	12	 -3.2	  0.9	  8.8	1	 -6.7	-17.2	22	NA	 47.0	 11.1	7	NA	6.1	NA	 3.6
473	1984	1	 -6.4	 -1.8	  9.0	9	-11.4	-23.5	17	NA	 48.5	  9.1	4	NA	5.6	NA	 3.9
473	1984	2	 -0.9	  3.2	 10.0	24	 -4.6	-19.0	6	NA	 77.1	 30.8	7	NA	6.4	NA	 4.9
473	1984	3	 -0.4	  3.6	 10.0	8	 -4.0	-16.4	1	NA	 21.9	  5.4	6	NA	5.7	NA	 3.7
473	1984	4	  3.3	  7.1	 17.8	26	  0.6	 -7.0	17	NA	 82.5	 23.3	15	NA	5.8	NA	 4.6
473	1984	5	  5.7	 10.8	 19.3	27	  1.6	 -9.0	6	NA	 44.9	 22.2	20	NA	6.5	NA	 3.3
473	1984	6	  9.6	 14.4	 22.8	5	  5.2	 -1.0	23	NA	 19.6	  4.9	26	NA	5.7	NA	 3.6
473	1984	7	 11.8	 16.6	 22.7	18	  8.0	  3.3	9	NA	 21.0	  7.5	13	NA	6.5	NA	 2.7
473	1984	8	 10.9	 16.5	 22.1	26	  5.5	 -2.0	24	NA	 17.7	  9.3	28	NA	5.5	NA	 2.9
473	1984	9	  5.1	 10.5	 19.7	6	  1.2	 -5.3	3	NA	 34.4	  8.7	21	NA	5.7	NA	 2.8
473	1984	10	  0.4	  4.1	  9.9	15	 -2.4	 -7.0	19	NA	 95.6	 22.5	8	NA	6.6	NA	 2.2
473	1984	11	 -1.8	  1.9	  7.6	16	 -4.8	-16.6	6	NA	 25.2	  9.2	10	NA	6.4	NA	 2.3
473	1984	12	 -0.9	  3.1	 10.6	11	 -5.0	-16.0	2	NA	 33.2	  7.5	26	NA	5.4	NA	 3.7
473	1985	1	 -5.3	 -0.9	 10.3	12	 -8.7	-21.0	28	NA	 29.5	  9.5	31	NA	4.6	NA	 2.2
473	1985	2	 -3.1	  0.9	  9.6	28	 -7.8	-21.1	1	NA	 11.0	  3.2	1	NA	5.3	NA	 3.8
473	1985	3	 -2.7	  1.5	  8.4	1	 -5.5	-18.0	27	NA	 36.9	  5.5	24	NA	5.7	NA	 3.8
473	1985	4	  0.6	  4.3	 11.0	23	 -3.0	-17.0	1	NA	 34.6	  9.8	17	NA	6.1	NA	 3.1
473	1985	5	  5.6	 10.8	 20.7	19	  1.4	 -2.4	3	NA	 47.2	 17.2	28	NA	5.6	NA	 3.9
473	1985	6	  8.1	 12.2	 17.3	16	  4.2	 -4.5	5	NA	 53.8	 15.7	3	NA	6.4	NA	 3.4
473	1985	7	  8.4	 12.5	 20.2	2	  5.4	  2.0	8	NA	 87.9	 20.8	10	NA	6.9	NA	 4.0
473	1985	8	  7.1	 10.7	 17.6	1	  4.6	 -5.0	27	NA	 90.6	 19.2	12	NA	6.8	NA	 3.5
473	1985	9	  3.5	  8.3	 16.3	12	  0.5	 -5.7	7	NA	 46.6	  8.9	18	NA	6.4	NA	 2.0
473	1985	10	  4.6	  9.1	 18.0	14	  1.1	 -8.7	10	NA	 48.2	 15.6	24	NA	6.3	NA	 3.8
473	1985	11	 -4.0	  0.4	 10.3	21	 -7.2	-20.6	6	NA	 24.0	  8.1	9	NA	5.1	NA	 2.4
473	1985	12	 -6.0	 -2.4	  4.0	10	-10.3	-20.1	7	NA	 44.1	  8.2	4	NA	6.0	NA	 3.3
473	1986	1	 -2.5	  0.9	  6.7	26	 -6.2	-14.2	3	NA	 67.4	 21.3	29	NA	5.8	NA	 5.3
473	1986	2	 -3.5	  1.3	  9.4	2	 -6.9	-18.0	21	NA	  0.4	  0.3	19	NA	4.1	NA	 2.1
473	1986	3	 -0.6	  2.1	  9.6	10	 -4.3	-17.6	29	NA	112.1	 30.2	23	NA	6.2	NA	 4.8
473	1986	4	  0.7	  4.9	 10.2	25	 -2.5	-16.5	2	NA	 28.1	  7.3	26	NA	6.0	NA	 2.7
473	1986	5	  2.1	  6.2	 14.1	19	 -0.6	-10.2	4	NA	 32.7	  9.4	22	NA	6.8	NA	 3.5
473	1986	6	  9.3	 14.9	 23.4	28	  5.1	 -0.2	11	NA	 27.6	  7.8	10	NA	5.5	NA	 3.7
473	1986	7	  8.7	 13.9	 21.7	22	  5.0	 -2.2	31	NA	 43.8	 10.6	22	NA	6.0	NA	 3.8
473	1986	8	  8.4	 13.7	 20.6	8	  4.7	 -2.1	29	NA	  8.1	  2.2	31	NA	6.0	NA	 2.7
473	1986	9	  4.6	 10.3	 15.9	3	  0.5	 -5.3	14	NA	 36.4	 14.2	28	NA	5.7	NA	 3.2
473	1986	10	 -0.6	  4.6	 12.8	9	 -4.1	-13.2	21	NA	 53.0	 12.3	28	NA	4.8	NA	 2.2
473	1986	11	 -2.4	  1.4	  7.3	14	 -6.5	-17.0	11	NA	 75.8	 17.8	9	NA	6.3	NA	 3.4
473	1986	12	 -3.0	  1.3	 10.4	23	 -7.7	-24.1	2	NA	 26.3	  5.1	2	NA	5.8	NA	 4.3
473	1987	1	  0.6	  4.0	 11.0	23	 -3.3	-17.8	1	NA	  4.8	  3.3	2	NA	5.2	NA	 3.2
473	1987	2	 -3.1	  0.6	  8.2	19	 -6.5	-22.8	15	NA	 25.2	 10.3	21	NA	6.3	NA	 2.1
473	1987	3	 -1.3	  2.0	  9.7	12	 -4.5	-20.7	20	NA	 26.6	  6.8	18	NA	5.8	NA	 4.5
473	1987	4	  2.6	  6.5	 15.3	23	 -0.9	-10.3	4	NA	 28.6	 14.8	2	NA	5.5	NA	 4.3
473	1987	5	  6.8	 12.4	 23.8	26	  1.4	 -8.1	1	NA	 13.9	  5.1	1	NA	5.1	NA	 3.8
473	1987	6	  7.9	 12.6	 17.3	16	  3.4	 -3.1	11	NA	 18.2	  5.0	4	NA	6.0	NA	 3.0
473	1987	7	 11.0	 15.8	 22.3	21	  7.4	  0.0	9	NA	 49.9	  9.7	8	NA	6.6	NA	 3.2
473	1987	8	  9.0	 14.2	 19.3	11	  4.5	 -1.6	31	NA	 14.4	  3.9	25	NA	5.4	NA	 2.5
473	1987	9	  5.9	  9.4	 16.1	7	  3.6	 -2.4	20	NA	 87.5	 22.1	2	NA	7.2	NA	 4.1
473	1987	10	  0.9	  3.4	 13.6	3	 -1.3	 -9.3	29	NA	126.6	 36.7	10	NA	6.8	NA	 4.2
473	1987	11	  2.6	  5.9	 12.9	5	 -0.4	 -9.0	14	NA	 60.3	 41.1	19	NA	6.3	NA	 3.6
473	1987	12	 -0.1	  3.2	 12.0	9	 -2.8	-18.0	25	NA	 60.7	 17.0	24	NA	6.6	NA	 3.0
473	1988	1	 -6.1	 -2.2	  7.0	16	-10.2	-25.2	24	NA	 54.6	 17.9	10	NA	5.6	NA	 4.5
473	1988	2	 -3.6	  0.0	  8.7	19	 -7.0	-19.3	13	NA	 43.7	  6.7	3	NA	6.8	NA	 4.7
473	1988	3	 -4.0	  0.5	  9.4	7	 -7.3	-19.3	14	NA	 33.0	  4.2	13	NA	6.1	NA	 3.1
473	1988	4	 -3.3	  1.2	 11.7	26	 -6.9	-19.7	18	NA	 32.0	  6.9	15	NA	5.5	NA	 3.9
473	1988	5	  5.5	 10.9	 19.6	15	  0.7	 -9.0	1	NA	 24.9	 11.7	30	NA	5.4	NA	 4.2
473	1988	6	 10.0	 15.2	 22.8	25	  5.4	 -4.1	3	NA	 21.2	  4.1	7	NA	5.5	NA	 4.1
473	1988	7	  9.0	 13.6	 20.8	6	  5.2	 -1.8	4	NA	 86.0	 52.8	27	NA	6.2	NA	 3.6
473	1988	8	 10.2	 14.3	 20.6	4	  7.4	 -0.8	21	NA	 74.0	 21.5	31	NA	6.8	NA	 3.6
473	1988	9	  6.0	  9.0	 19.6	14	  3.6	 -5.4	30	NA	133.6	 26.7	24	NA	7.3	NA	 4.1
473	1988	10	  1.6	  5.9	 13.2	15	 -1.5	-10.2	9	NA	 27.1	  6.6	7	NA	5.8	NA	 3.4
473	1988	11	 -0.7	  3.5	 10.8	24	 -4.6	-15.0	17	NA	 29.3	 10.2	26	NA	5.5	NA	 2.1
473	1988	12	 -2.3	  1.7	 11.7	14	 -7.3	-26.8	25	NA	 62.3	  8.8	24	NA	5.5	NA	 3.9
473	1989	1	 -2.3	  1.9	  8.4	31	 -6.1	-12.7	22	NA	 61.1	 24.7	28	NA	5.6	NA	 4.8
473	1989	2	 -4.7	 -1.1	  7.4	1	 -8.3	-16.5	16	NA	 97.6	 17.9	7	NA	6.8	NA	 5.6
473	1989	3	 -3.1	  0.7	  7.7	31	 -7.3	-19.7	2	NA	 79.5	 18.8	23	NA	6.3	NA	 4.5
473	1989	4	 -0.6	  3.3	  8.7	30	 -3.7	-14.5	25	NA	 59.5	 19.3	16	NA	6.0	NA	 3.2
473	1989	5	  3.7	  7.4	 14.3	31	  0.8	 -3.0	19	NA	 18.3	  7.1	16	NA	6.4	NA	 3.8
473	1989	7	 11.4	 15.7	 22.0	23	  6.3	 -2.6	1	NA	 52.0	 17.0	29	NA	6.1	NA	 3.4
473	1989	8	  9.1	 13.9	 19.3	7	  6.0	 -1.1	25	NA	 73.0	 14.9	23	NA	6.8	NA	 3.6
473	1989	9	  6.4	 10.1	 18.8	29	  3.0	 -4.1	2	NA	 97.1	 23.6	25	NA	6.6	NA	 4.3
473	1989	10	  2.3	  6.0	 15.4	3	 -0.7	-11.5	27	NA	 32.8	  7.2	21	NA	6.4	NA	 2.2
473	1989	11	 -1.8	  2.2	 10.0	29	 -5.5	-14.9	19	NA	 63.9	 15.8	16	NA	5.1	NA	 2.4
473	1989	12	 -2.5	  1.5	 12.8	1	 -6.9	-25.9	20	NA	 42.7	  8.8	16	NA	5.5	NA	 3.6
473	1990	1	 -1.3	  1.5	  6.7	1	 -4.3	-12.0	16	NA	136.9	 26.1	13	NA	6.5	NA	 4.3
473	1990	2	 -3.5	 -0.1	  3.1	15	 -6.2	-18.1	25	NA	115.0	 24.5	2	NA	7.0	NA	 3.7
473	1990	3	 -4.4	 -0.2	  6.9	25	 -8.8	-19.0	1	NA	 86.4	 25.0	22	NA	6.1	NA	 3.7
473	1990	4	 -2.3	  2.3	 10.0	20	 -5.8	-20.1	4	NA	 56.8	 31.1	26	NA	5.6	NA	 3.7
473	1990	5	  5.9	 10.7	 17.7	27	  2.1	 -2.7	17	NA	 11.8	  5.1	13	NA	5.5	NA	 2.0
473	1990	6	  9.5	 13.9	 20.9	12	  5.5	  0.9	26	NA	 35.7	  8.9	26	NA	6.3	NA	 3.4
473	1990	7	 11.9	 16.8	 23.7	14	  7.2	 -0.2	7	NA	 24.3	  7.6	30	NA	6.1	NA	 3.5
473	1990	8	  9.7	 13.8	 21.3	9	  6.2	 -0.3	18	NA	 45.4	  8.1	29	NA	6.7	NA	 3.4
473	1990	9	  5.2	  8.9	 17.8	10	  2.0	 -5.2	25	NA	122.7	 30.4	22	NA	6.5	NA	 4.3
473	1990	10	  2.6	  5.0	 10.3	27	 -0.0	 -7.2	11	NA	100.6	 18.0	13	NA	6.9	NA	 3.2
473	1990	11	 -0.1	  3.4	 11.4	6	 -3.4	-12.1	3	NA	 31.6	  9.8	14	NA	5.8	NA	 1.7
473	1990	12	 -1.6	  2.5	 13.0	14	 -6.3	-23.0	20	NA	 34.8	 11.0	26	NA	5.5	NA	 4.0
473	1991	1	  0.4	  4.0	 11.8	24	 -3.4	-15.0	9	NA	 70.9	 15.3	4	NA	5.8	NA	 5.7
473	1991	2	 -1.5	  2.8	 10.4	5	 -5.0	-19.5	24	NA	 20.2	  7.0	20	NA	5.1	NA	 3.7
473	1991	3	  0.5	  3.6	 10.8	25	 -2.4	 -9.6	2	NA	138.4	 49.8	20	NA	6.7	NA	 5.1
473	1991	4	 -0.9	  3.0	 10.6	27	 -4.3	-15.5	4	NA	 35.2	  7.8	24	NA	5.8	NA	 4.1
473	1991	5	  7.8	 12.4	 19.7	28	  3.7	 -1.5	13	NA	 49.6	 18.4	6	NA	6.4	NA	 3.3
473	1991	6	  7.2	 11.3	 19.3	30	  2.5	 -3.7	4	NA	 28.5	 11.6	11	NA	5.0	NA	 3.6
473	1991	7	 12.2	 16.3	 26.3	5	  8.6	  0.7	20	NA	 53.7	 10.9	15	NA	6.2	NA	 3.3
473	1991	8	 11.0	 15.7	 21.0	18	  6.3	 -0.1	24	NA	 61.2	 27.2	11	NA	6.0	NA	 3.6
473	1991	9	  5.3	 10.9	 20.9	2	  1.9	 -6.1	27	NA	 90.0	 20.0	25	NA	5.8	NA	 3.3
473	1991	10	  3.1	  6.4	 15.3	10	  0.4	 -7.0	26	NA	131.9	 51.0	5	NA	6.1	NA	 3.5
473	1991	11	 -1.4	  1.5	  6.0	1	 -5.1	-14.7	18	NA	 94.1	 14.7	12	NA	7.4	NA	 3.6
473	1991	12	 -0.7	  3.5	 12.3	27	 -4.9	-23.0	21	NA	 12.3	  3.4	24	NA	5.6	NA	 4.0
473	1992	1	  1.6	  6.5	 13.6	14	 -3.4	-15.8	4	NA	 40.2	 20.4	7	NA	5.8	NA	 4.5
473	1992	2	 -2.5	  2.5	  9.8	19	 -6.4	-19.6	11	NA	 43.1	  8.3	28	NA	6.4	NA	 4.5
473	1992	3	 -1.6	  2.1	 10.3	8	 -5.6	-18.3	15	NA	 40.7	 12.4	26	NA	6.3	NA	 3.7
473	1992	4	  0.7	  4.2	 10.3	21	 -1.9	-10.0	7	NA	 11.7	  2.4	21	NA	6.6	NA	 3.1
473	1992	5	  6.1	 10.8	 22.8	26	  1.2	 -8.6	10	NA	 21.5	  6.7	18	NA	5.6	NA	 3.4
473	1992	6	  9.3	 14.1	 20.9	9	  5.0	 -3.0	15	NA	 66.3	 17.5	24	NA	6.0	NA	 5.1
473	1992	7	  9.1	 13.3	 22.7	6	  4.5	 -2.9	2	NA	 37.4	  9.0	27	NA	6.1	NA	 3.6
473	1992	8	  8.7	 13.3	 17.4	15	  4.7	 -1.3	12	NA	 89.7	 23.0	28	NA	6.4	NA	 3.5
473	1992	9	  5.8	  9.0	 16.3	30	  3.2	 -2.0	5	NA	100.9	 24.3	8	NA	7.1	NA	 3.6
473	1992	10	  2.0	  6.3	 16.8	7	 -1.5	-12.5	19	NA	 45.1	 10.3	8	NA	5.7	NA	 2.2
473	1992	11	 -2.2	  1.8	  8.2	8	 -6.3	-18.0	21	NA	106.2	 20.6	11	NA	6.0	NA	 3.4
473	1992	12	 -1.5	  1.7	 11.0	27	 -4.8	-13.5	19	NA	171.1	 31.1	4	NA	6.3	NA	 6.5
473	1993	1	 -5.6	 -1.6	  6.8	31	-10.1	-18.1	25	NA	 90.9	 20.8	12	NA	6.4	NA	 4.7
473	1993	2	 -1.1	  3.5	 10.3	22	 -4.6	-16.0	27	NA	 23.6	  7.5	19	NA	5.9	NA	 4.6
473	1993	3	 -0.4	  3.8	 11.3	1	 -3.6	-14.0	21	NA	 23.8	 10.3	27	NA	5.7	NA	 3.3
473	1993	4	  2.0	  6.0	 13.4	28	 -1.2	 -8.0	24	NA	 31.4	 13.4	17	NA	5.6	NA	 3.2
473	1993	5	  4.5	  9.2	 17.2	26	  1.0	 -7.4	13	NA	 37.0	  4.9	23	NA	6.2	NA	 4.2
473	1993	6	  7.4	 12.1	 19.4	28	  3.6	 -5.4	2	NA	 36.6	 11.9	26	NA	6.0	NA	 3.4
473	1993	7	  6.5	  9.8	 16.2	22	  4.9	  0.1	14	NA	 73.1	  9.0	29	NA	7.6	NA	 4.2
473	1993	8	  8.5	 12.7	 19.3	27	  4.9	 -1.4	12	NA	 57.0	 13.2	15	NA	6.6	NA	 3.2
473	1993	9	  7.6	 12.3	 18.3	3	  4.2	 -2.9	25	NA	 21.7	  6.6	27	NA	5.8	NA	 2.3
473	1993	10	  2.8	  6.8	 16.4	24	 -1.0	-10.0	6	NA	 12.6	  3.0	20	NA	6.0	NA	 3.1
473	1993	11	  3.9	  7.7	 12.2	1	  0.2	 -7.0	14	NA	 18.5	 10.4	9	NA	5.4	NA	 5.3
473	1993	12	 -4.2	 -0.9	  5.6	29	 -8.4	-16.0	9	NA	112.2	 19.2	2	NA	6.4	NA	 3.0
473	1994	1	 -4.0	 -1.0	  7.0	18	 -8.1	-22.0	25	NA	 57.3	  9.9	30	NA	6.4	NA	 4.9
473	1994	2	 -1.8	  2.6	  7.7	11	 -4.7	-16.3	26	NA	 14.9	 10.0	14	NA	5.4	NA	 2.8
473	1994	3	 -3.4	  0.1	  7.4	28	 -6.6	-15.8	14	NA	 57.4	  9.3	16	NA	6.9	NA	 3.4
473	1994	4	 -0.5	  3.0	 10.4	14	 -3.3	-10.2	30	NA	 64.2	 23.8	1	NA	6.2	NA	 2.8
473	1994	5	  6.2	 10.4	 14.7	29	  1.3	 -5.0	15	NA	 24.4	  8.0	6	NA	6.1	NA	 2.5
473	1994	6	  7.3	 10.7	 18.4	13	  3.5	 -1.2	16	NA	 52.4	 16.0	5	NA	6.5	NA	 3.6
473	1994	7	 12.1	 16.6	 20.1	4	  7.9	  0.6	24	NA	 46.7	 13.3	30	NA	6.4	NA	 2.9
473	1994	8	 10.4	 15.6	 22.7	7	  5.8	 -2.5	30	NA	 38.0	  9.2	21	NA	5.3	NA	 2.4
473	1994	9	  4.4	 10.4	 18.8	2	  0.7	-10.3	30	NA	 26.5	  5.1	2	NA	5.1	NA	 2.4
473	1994	10	  0.4	  4.2	 13.0	5	 -3.0	-13.1	17	NA	113.2	 19.6	22	NA	6.9	NA	 2.4
473	1994	11	  0.2	  3.2	 10.0	29	 -2.4	-11.5	18	NA	 86.6	 18.2	4	NA	5.9	NA	 3.6
473	1994	12	 -2.1	  1.5	 11.4	2	 -5.7	-13.1	31	NA	 81.7	 16.1	19	NA	6.4	NA	 4.8
473	1995	1	 -3.8	 -0.3	  7.2	3	 -7.7	-23.0	27	NA	119.4	 29.1	19	NA	6.9	NA	 4.6
473	1995	2	 -5.0	 -2.1	  3.8	3	 -8.8	-21.9	9	NA	 68.1	 13.6	23	NA	6.7	NA	 3.5
473	1995	3	 -3.6	  0.2	  9.8	30	 -7.2	-21.2	28	NA	114.1	 17.0	17	NA	6.4	NA	 5.1
473	1995	4	 -1.2	  2.3	  7.3	23	 -4.3	-15.0	4	NA	 43.1	  7.1	18	NA	6.2	NA	 3.3
473	1995	5	  2.2	  5.5	 13.2	31	 -0.4	 -7.6	15	NA	 33.8	  8.6	29	NA	6.8	NA	 1.9
473	1995	6	  9.9	 14.3	 19.6	12	  5.4	 -2.0	2	NA	 24.3	  8.5	4	NA	6.0	NA	 3.7
473	1995	7	  9.2	 14.5	 21.5	2	  4.5	 -1.3	8	NA	 34.8	  8.6	5	NA	6.1	NA	 3.5
473	1995	8	 11.4	 16.9	 22.7	7	  7.0	 -1.0	19	NA	 17.7	  5.9	12	NA	5.8	NA	 3.1
473	1995	9	  6.2	 11.3	 18.4	13	  2.2	-10.2	29	NA	 24.9	  5.7	25	NA	5.4	NA	 3.3
473	1995	10	  1.6	  3.7	  7.6	6	 -0.8	-10.2	31	NA	219.5	 82.9	26	NA	7.2	NA	 3.8
473	1995	11	 -0.4	  2.8	 10.4	2	 -3.8	-14.9	28	NA	 41.1	  9.6	24	NA	6.0	NA	 2.4
473	1995	12	 -4.1	 -0.3	 12.6	5	 -8.2	-26.2	26	NA	 25.2	  6.8	24	NA	4.7	NA	 3.3
473	1996	1	 -0.9	  2.7	  9.1	17	 -4.9	-17.0	1	NA	 31.3	 11.9	4	NA	5.3	NA	 2.4
473	1996	2	 -3.3	  1.3	 11.6	20	 -7.5	-17.0	27	NA	 95.6	 25.9	25	NA	6.4	NA	 4.1
473	1996	3	  1.7	  6.3	 11.3	2	 -1.9	-14.0	24	NA	  4.2	  3.0	24	NA	4.6	NA	 3.8
473	1996	4	  2.2	  5.7	 11.8	10	 -0.5	-12.0	6	NA	 44.5	 11.1	18	NA	6.4	NA	 3.4
473	1996	5	  5.8	 10.5	 16.0	11	  0.5	 -5.0	1	NA	 17.1	  3.9	6	NA	5.5	NA	 2.8
473	1996	6	  8.2	 12.8	 22.0	24	  4.4	 -5.0	3	NA	 62.4	 16.1	11	NA	6.5	NA	 3.3
473	1996	7	 11.1	 16.2	 23.5	28	  6.4	  1.5	28	NA	 33.2	 10.1	26	NA	6.2	NA	 3.5
473	1996	8	  9.7	 14.8	 20.2	8	  4.9	 -2.1	18	NA	 41.7	  9.2	16	NA	5.8	NA	 2.9
473	1996	9	 10.6	 15.0	 21.8	4	  7.2	  1.5	26	NA	 67.4	 25.3	24	NA	6.2	NA	 3.0
473	1996	10	  1.9	  5.5	 12.7	24	 -1.2	-16.0	13	NA	 96.4	 21.2	21	NA	6.3	NA	 2.5
473	1996	11	 -5.4	 -1.8	 10.8	14	-10.8	-20.5	4	NA	 85.4	 11.1	6	NA	5.6	NA	 3.2
473	1996	12	 -3.5	 -0.1	  9.7	29	 -7.7	-19.0	16	NA	 34.1	  8.7	26	NA	5.5	NA	 2.8
473	1997	1	 -2.9	  0.9	  9.8	28	 -7.2	-15.8	7	NA	 45.1	 12.0	14	NA	5.1	NA	 4.1
473	1997	2	 -3.6	  0.3	  8.7	1	 -6.8	-18.0	8	NA	 92.2	 27.5	21	NA	6.7	NA	 4.8
473	1997	3	 -3.1	  0.8	  8.0	8	 -6.4	-21.1	15	NA	 55.3	 23.3	1	NA	6.3	NA	 3.7
473	1997	4	  1.9	  6.6	 13.2	14	 -2.2	-13.2	6	NA	 18.8	  4.7	3	NA	6.4	NA	 2.9
473	1997	5	  4.2	  8.0	 19.9	31	  0.1	 -7.2	2	NA	 34.0	 14.6	13	NA	6.2	NA	 3.8
473	1997	6	  6.9	 12.1	 24.3	3	  3.0	 -3.3	6	NA	 26.3	  5.4	17	NA	6.2	NA	 3.6
473	1997	7	 12.8	 17.2	 22.1	11	  7.9	  2.1	8	NA	 45.6	 19.5	15	NA	6.4	NA	 3.0
473	1997	8	 10.4	 15.3	 22.8	12	  5.7	 -2.5	10	NA	 62.5	  7.9	21	NA	5.9	NA	 3.6
473	1997	9	  7.2	 11.9	 21.6	23	  3.7	 -6.3	9	NA	 35.1	  9.8	5	NA	5.8	NA	 4.4
473	1997	10	  1.9	  5.6	 13.6	28	 -1.1	-13.8	20	NA	 72.9	 11.9	7	NA	6.7	NA	 2.2
473	1997	11	  0.9	  3.3	  7.9	23	 -1.3	 -6.5	2	NA	 50.7	  8.0	19	NA	6.9	NA	 1.7
473	1997	12	 -0.5	  3.0	 13.6	14	 -4.2	-12.0	5	NA	 19.4	  6.0	31	NA	5.1	NA	 2.3
473	1998	1	 -1.9	  1.3	  9.5	25	 -5.0	-16.6	18	NA	 63.3	 12.5	13	NA	6.4	NA	 4.2
473	1998	2	 -4.7	  0.7	  9.6	17	 -9.4	-19.2	11	NA	 54.3	 14.0	20	NA	5.6	NA	 3.9
473	1998	3	 -3.6	  0.7	 11.8	14	 -7.9	-29.6	7	NA	 54.6	  8.1	5	NA	5.8	NA	 4.4
473	1998	4	  0.3	  4.2	 11.9	24	 -2.3	-10.0	12	NA	 29.5	  9.0	26	NA	5.7	NA	 2.7
473	1998	5	  6.6	 11.5	 18.6	26	  1.8	 -5.6	9	NA	 10.4	  2.5	5	NA	5.5	NA	 3.8
473	1998	6	  6.9	 11.2	 16.6	17	  2.3	 -5.0	3	NA	 14.1	 11.0	22	NA	5.6	NA	 3.9
473	1998	7	  7.9	 12.1	 22.0	2	  4.7	 -1.0	10	NA	 58.4	 17.8	8	NA	7.0	NA	 3.4
473	1998	8	 10.6	 15.5	 19.8	12	  6.6	 -0.5	25	NA	 34.0	  9.5	14	NA	6.2	NA	 3.3
473	1998	9	  5.7	  9.4	 18.6	3	  3.5	 -5.8	30	NA	 68.4	 16.4	12	NA	6.4	NA	 3.3
473	1998	10	  0.7	  3.7	 15.3	6	 -2.0	-15.0	18	NA	124.8	 24.9	24	NA	6.7	NA	 4.1
473	1998	11	 -1.2	  2.4	 10.0	30	 -5.6	-22.5	6	NA	 64.8	 20.8	10	NA	5.5	NA	 3.1
473	1998	12	 -1.2	  1.7	 10.0	7	 -5.3	-17.2	20	NA	 94.8	 28.4	13	NA	6.6	NA	 3.3
473	1999	1	 -2.2	  1.1	 10.7	31	 -6.6	-14.2	23	NA	 70.6	 19.6	21	NA	6.3	NA	 4.4
473	1999	2	 -2.9	  1.3	 11.2	1	 -6.2	-22.3	17	NA	 91.7	 18.0	22	NA	6.2	NA	 4.3
473	1999	3	 -4.6	 -1.6	  3.5	11	 -7.8	-20.5	20	NA	102.8	 25.9	19	NA	6.4	NA	 2.9
473	1999	4	 -1.7	  2.6	 10.3	27	 -5.2	-16.5	18	NA	 73.8	 16.6	17	NA	5.2	NA	 2.9
473	1999	5	  5.7	  9.5	 15.3	16	  2.4	 -3.0	15	NA	 67.3	 18.0	24	NA	6.2	NA	 4.2
473	1999	6	 10.1	 15.1	 23.4	11	  5.4	 -1.5	6	NA	 35.5	 13.3	15	NA	5.9	NA	 3.9
473	1999	7	 11.3	 15.8	 24.6	8	  7.2	  0.5	2	NA	 27.5	  8.0	15	NA	5.8	NA	 4.2
473	1999	8	 10.7	 14.8	 19.7	23	  6.3	 -1.8	9	NA	 13.6	  3.3	15	NA	6.1	NA	 3.2
473	1999	9	  6.5	 10.7	 19.1	20	  3.6	 -5.0	28	NA	 68.4	 10.6	9	NA	6.5	NA	 2.8
473	1999	10	  2.7	  6.5	 15.7	14	 -0.2	-10.0	9	NA	 60.3	 16.2	2	NA	6.0	NA	 2.4
473	1999	11	  0.2	  3.9	 17.9	11	 -3.4	-13.8	27	NA	 67.1	 10.8	25	NA	5.9	NA	 3.3
473	1999	12	 -3.0	  0.2	  6.3	20	 -7.4	-20.0	5	NA	 33.6	  6.7	3	NA	6.2	NA	 3.9
473	2000	1	 -1.1	  3.0	 13.8	24	 -5.3	-18.5	4	NA	 49.3	 11.3	6	NA	5.3	NA	 4.0
473	2000	2	 -3.2	  0.3	  6.9	5	 -7.1	-15.3	14	NA	159.9	 70.9	28	NA	6.4	NA	 4.2
473	2000	3	 -1.5	  2.4	 14.0	28	 -4.9	-17.0	4	NA	 58.7	 10.0	7	NA	6.4	NA	 4.6
473	2000	4	 -0.4	  3.6	 12.5	30	 -4.5	-15.8	2	NA	 15.6	  4.8	15	NA	5.5	NA	 2.9
473	2000	5	  6.8	 11.1	 22.0	11	  2.5	 -6.8	20	NA	 27.9	  6.8	18	NA	6.0	NA	 4.3
473	2000	6	  8.9	 13.5	 22.6	29	  2.7	 -4.0	3	NA	 19.6	  4.6	2	NA	4.8	NA	 3.9
473	2000	7	 12.0	 16.8	 24.8	24	  7.5	  2.0	30	NA	 10.3	  2.3	16	NA	5.6	NA	 3.7
473	2000	8	 10.7	 15.7	 21.4	8	  6.1	  0.0	6	NA	 48.3	 13.5	16	NA	6.2	NA	 3.1
473	2000	9	  7.1	 12.6	 19.6	25	  3.3	 -6.5	19	NA	 76.7	 20.0	8	NA	5.5	NA	 3.9
473	2000	10	  2.3	  6.0	 13.6	6	 -0.7	 -9.8	13	NA	 51.1	 12.1	15	NA	6.2	NA	 2.6
473	2000	11	 -0.8	  1.7	  5.6	27	 -3.9	-17.5	7	NA	132.9	 27.2	2	NA	7.1	NA	 3.2
473	2000	12	 -2.1	  0.5	  7.6	20	 -4.9	-16.8	31	NA	 56.1	 11.6	31	NA	6.6	NA	 3.2
473	2001	1	  0.8	  3.3	  9.1	14	 -2.8	-11.8	9	NA	 33.3	 10.5	28	NA	6.5	NA	 4.1
473	2001	2	 -1.9	  2.1	 10.4	17	 -5.7	-13.5	9	NA	 41.8	 13.3	26	NA	5.6	NA	 4.6
473	2001	3	 -3.9	 -0.5	  4.7	9	 -7.7	-16.6	4	NA	 48.0	  9.0	6	NA	6.3	NA	 2.9
473	2001	4	  0.5	  4.5	 10.4	19	 -3.1	-15.0	11	NA	 25.5	  8.0	22	NA	6.0	NA	 3.6
473	2001	5	  5.9	 10.5	 17.0	10	  1.2	 -6.6	23	NA	 36.0	  8.9	16	NA	6.1	NA	 4.0
473	2001	6	  7.6	 12.1	 20.6	25	  2.3	 -5.0	13	NA	 60.1	 31.3	6	NA	5.5	NA	 4.0
473	2001	7	 10.2	 14.7	 19.3	5	  6.0	 -3.0	1	NA	 42.7	 14.5	10	NA	6.5	NA	 3.1
473	2001	8	  9.2	 13.6	 18.4	19	  5.5	 -2.0	7	NA	 36.2	  8.3	26	NA	6.5	NA	 3.2
473	2001	9	  7.5	 12.3	 18.2	5	  4.4	 -1.0	28	NA	 48.1	  7.4	20	NA	6.2	NA	 3.6
473	2001	10	  3.4	  7.2	 12.3	9	  0.7	 -8.4	31	NA	 71.3	 16.0	2	NA	6.3	NA	 2.4
473	2001	11	 -0.0	  4.8	 14.8	9	 -4.4	-15.2	29	NA	 62.1	 21.9	25	NA	5.9	NA	 4.3
473	2001	12	  0.6	  4.7	 12.9	15	 -3.4	-14.1	22	NA	 55.3	 23.0	29	NA	5.4	NA	 4.7
473	2002	1	 -2.2	  2.2	 12.6	7	 -6.5	-25.5	25	NA	 67.0	 13.6	15	NA	5.4	NA	 3.8
473	2002	2	 -5.6	 -2.1	  6.4	13	 -9.5	-20.3	23	NA	 76.9	 17.0	3	NA	6.6	NA	 4.8
473	2002	3	 -3.6	  0.7	  8.0	13	 -7.7	-19.0	20	NA	 20.5	  6.1	28	NA	5.8	NA	 2.8
473	2002	4	  2.9	  7.6	 15.3	20	 -0.7	 -6.5	27	NA	 67.3	 20.6	30	NA	6.2	NA	 4.6
473	2002	5	  4.6	  8.8	 16.9	24	  0.8	 -5.8	4	NA	 92.9	 12.8	13	NA	6.2	NA	 3.7
473	2002	6	  9.2	 13.7	 22.6	8	  4.8	 -2.0	22	NA	 41.2	 13.9	19	NA	6.2	NA	 3.5
473	2002	7	 10.3	 15.0	 21.4	20	  6.0	  0.2	5	NA	 50.6	 11.9	11	NA	6.8	NA	 3.0
473	2002	8	  9.9	 14.4	 20.9	23	  6.1	 -1.2	18	NA	 63.2	 15.5	16	NA	6.6	NA	 3.1
473	2002	9	  8.2	 14.2	 20.3	14	  4.5	 -2.8	29	NA	 44.5	 11.0	6	NA	6.0	NA	 2.5
473	2002	10	  2.9	  6.9	 17.6	5	 -0.2	-15.6	28	NA	 73.0	 10.7	24	NA	6.0	NA	 3.7
473	2002	11	  2.7	  5.0	  8.7	30	 -1.1	-15.0	17	NA	 50.8	 16.3	7	NA	6.3	NA	 2.9
473	2002	12	  1.3	  4.9	 13.9	6	 -2.3	-11.5	29	NA	 24.4	  9.5	1	NA	4.9	NA	 3.0
473	2003	1	 -2.6	  1.2	  9.0	11	 -7.0	-21.6	23	NA	 45.1	  7.8	18	NA	5.7	NA	 3.1
473	2003	2	  1.4	  5.0	 10.5	18	 -2.2	-13.3	5	NA	 63.6	 20.3	20	NA	5.9	NA	 5.9
473	2003	3	  2.2	  6.5	 13.7	24	 -1.5	-15.7	11	NA	 27.3	 10.9	6	NA	5.7	NA	 4.1
473	2003	4	  4.8	 10.1	 19.3	18	  1.0	-12.0	2	NA	 16.6	  4.8	1	NA	6.4	NA	 3.8
473	2003	5	  4.6	  9.0	 16.3	16	 -0.6	-10.0	5	NA	 16.8	  4.4	19	NA	5.5	NA	 3.2
473	2003	6	 10.5	 14.4	 22.9	26	  5.9	  0.2	22	NA	 43.5	  9.3	20	NA	6.1	NA	 3.8
473	2003	7	 11.3	 15.6	 20.1	17	  7.6	 -0.9	8	NA	 67.5	 11.3	11	NA	6.6	NA	 3.4
473	2003	8	 12.2	 17.0	 23.3	9	  7.6	  1.2	28	NA	 43.4	 11.3	20	NA	6.3	NA	 2.3
473	2003	9	  7.0	 12.3	 19.0	1	  3.1	 -6.6	25	NA	 90.7	 32.7	22	NA	5.4	NA	 4.2
473	2003	10	  2.1	  6.4	 18.4	26	 -1.4	-10.1	22	NA	 63.9	 18.3	3	NA	6.0	NA	 2.7
473	2003	11	 -0.7	  3.5	 10.9	7	 -4.4	-12.8	26	NA	 73.1	 12.1	3	NA	5.4	NA	 2.3
473	2003	12	 -2.4	  1.8	 11.5	6	 -7.3	-21.5	29	NA	 99.8	 14.3	17	NA	6.4	NA	 3.3
473	2004	1	 -3.3	  0.6	  8.7	21	 -7.0	-17.6	16	NA	143.7	 30.5	13	NA	6.3	NA	 4.4
473	2004	2	 -0.3	  3.5	 11.6	14	 -4.4	-15.1	8	NA	 30.8	  6.0	4	NA	5.8	NA	 4.7
473	2004	3	  3.0	  6.3	 12.3	25	 -0.2	 -8.2	29	NA	 42.4	 15.6	17	NA	6.1	NA	 4.4
473	2004	4	  3.7	  8.2	 14.3	24	  0.2	 -6.1	9	NA	 44.1	  7.4	16	NA	7.0	NA	 4.0
473	2004	5	  5.6	 10.1	 18.9	25	  2.0	 -4.1	24	NA	 88.5	 23.0	3	NA	6.5	NA	 4.3
473	2004	6	  9.7	 13.9	 20.4	12	  4.6	 -2.5	18	NA	 12.9	  2.3	19	NA	5.7	NA	 4.7
473	2004	7	 11.9	 16.8	 21.9	28	  6.2	 -2.1	4	NA	 17.3	  4.4	1	NA	5.4	NA	 4.0
473	2004	8	 11.8	 18.5	 28.1	13	  4.6	 -1.3	30	NA	  5.0	  0.9	3	NA	4.8	NA	 3.4
473	2004	9	  7.2	 12.6	 18.2	8	  3.3	 -6.0	15	NA	 76.0	 21.3	21	NA	6.0	NA	 3.4
473	2004	10	  2.3	  5.9	 15.0	1	 -0.9	-16.2	28	NA	 93.8	 13.2	5	NA	6.4	NA	 4.3
473	2004	11	 -0.9	  3.1	 16.0	6	 -5.5	-20.0	21	NA	 72.0	 23.0	9	NA	6.2	NA	 3.0
473	2004	12	 -2.8	  1.9	  7.7	13	 -7.1	-20.6	23	NA	 97.8	 40.2	25	NA	5.4	NA	 4.5
473	2005	1	 -1.5	  2.2	 11.0	25	 -6.3	-16.5	18	NA	 72.2	 20.9	4	NA	6.0	NA	 4.4
473	2005	2	 -0.8	  4.0	 11.3	20	 -4.0	-15.4	5	NA	 19.2	 11.2	4	NA	5.2	NA	 3.3
473	2005	3	  0.8	  6.0	 14.5	25	 -3.4	-16.1	16	NA	 13.1	  3.2	31	NA	5.3	NA	 3.6
473	2005	4	  1.9	  6.6	 15.1	20	 -1.9	-13.3	8	NA	 30.8	  6.0	1	NA	6.3	NA	 3.6
473	2005	5	  4.0	  8.3	 15.9	13	 -2.2	 -7.8	18	NA	 13.8	  4.0	1	NA	5.3	NA	 3.8
473	2005	6	  9.2	 13.5	 20.5	28	  4.6	 -4.3	5	NA	 37.5	  9.9	20	NA	6.3	NA	 3.8
473	2005	7	 11.5	 17.0	 22.8	15	  7.6	  1.5	27	NA	 38.8	 15.7	11	NA	5.9	NA	 3.5
473	2005	8	  9.0	 13.0	 20.7	9	  5.6	 -1.0	23	NA	105.1	 21.3	17	NA	6.8	NA	 3.7
473	2005	9	  3.7	  7.8	 14.4	17	  0.1	 -6.1	21	NA	138.3	 26.2	28	NA	6.6	NA	 4.2
473	2005	10	 -0.2	  3.5	 10.7	4	 -3.2	-17.0	26	NA	115.9	 15.3	1	NA	7.0	NA	 2.7
473	2005	11	 -1.8	  1.7	  9.0	20	 -5.4	-13.4	17	NA	 47.6	 10.3	2	NA	5.8	NA	 3.0
473	2005	12	 -0.1	  3.8	 10.7	25	 -4.1	-13.8	7	NA	 23.9	  8.9	3	NA	5.4	NA	 3.6
473	2006	1	  0.5	  4.5	 11.6	30	 -3.8	-12.2	10	NA	 28.3	  7.0	20	NA	5.2	NA	 3.9
473	2006	2	  0.3	  4.8	 12.2	21	 -3.2	-17.0	9	NA	 40.7	 17.7	16	NA	5.7	NA	 3.3
473	2006	3	 -1.9	  2.1	 13.3	17	 -5.2	-16.6	24	NA	 59.7	  9.6	27	NA	6.5	NA	 2.9
473	2006	4	  0.4	  5.0	 15.1	28	 -3.2	-17.4	2	NA	 95.1	 30.8	7	NA	6.2	NA	 3.8
473	2006	5	  3.8	  8.3	 16.3	7	 -0.8	 -7.0	14	NA	120.6	 43.8	24	NA	5.8	NA	 3.3
473	2006	6	 10.8	 15.5	 19.7	10	  4.9	 -1.1	4	NA	 14.0	  4.6	6	NA	5.8	NA	 3.9
473	2006	7	 10.6	 16.2	 22.9	28	  6.0	 -0.2	9	NA	 41.0	  7.8	13	NA	6.0	NA	 3.3
473	2006	8	 10.9	 15.8	 24.0	4	  6.8	  0.0	17	NA	123.5	 32.2	29	NA	5.9	NA	 2.9
473	2006	9	  7.8	 12.3	 19.0	15	  4.8	 -3.4	23	NA	 47.7	 11.7	1	NA	6.4	NA	 3.2
473	2006	10	  2.8	  6.7	 14.0	13	  0.3	 -9.9	31	NA	 53.3	 10.3	9	NA	6.6	NA	 3.0
473	2006	11	 -2.4	  1.7	 13.0	3	 -6.2	-17.6	18	NA	 85.9	 15.9	26	NA	6.5	NA	 3.9
473	2006	12	  1.1	  4.7	 13.3	21	 -2.5	-17.5	17	NA	 42.8	  5.5	9	NA	6.2	NA	 3.8
473	2007	1	 -2.8	  1.2	 12.2	29	 -7.6	-22.6	16	NA	 37.5	  9.1	15	NA	6.0	NA	 2.9
473	2007	2	 -3.5	  0.5	 10.5	3	 -6.3	-17.2	7	NA	 29.5	 10.3	25	NA	5.3	NA	 2.3
473	2007	3	  1.1	  4.6	 14.3	31	 -2.5	-15.4	2	NA	 67.0	 15.6	19	NA	6.6	NA	 4.0
473	2007	4	  4.1	  9.6	 21.9	29	 -0.7	-11.0	19	NA	 31.7	 11.0	21	NA	5.4	NA	 3.2
473	2007	5	  3.9	  8.1	 17.6	2	 -0.7	 -5.4	22	NA	 56.6	 10.4	13	NA	6.6	NA	 3.9
473	2007	6	 10.4	 15.8	 20.1	6	  5.3	  1.0	13	NA	  4.0	  1.0	28	NA	5.7	NA	 3.7
473	2007	7	  9.8	 15.1	 21.1	20	  5.3	 -0.3	18	NA	 18.8	  5.9	7	NA	6.0	NA	 3.3
473	2007	8	  9.1	 13.7	 19.7	8	  5.4	 -1.0	27	NA	 66.7	 12.7	5	NA	6.5	NA	 2.8
473	2007	9	  6.0	 10.5	 17.6	4	  3.0	 -4.0	17	NA	 75.9	 28.0	13	NA	6.7	NA	 4.1
473	2007	10	  3.9	  8.6	 17.6	19	  0.4	 -9.5	29	NA	109.4	 23.6	31	NA	5.8	NA	 3.5
473	2007	11	 -0.0	  3.9	 12.0	15	 -4.5	-12.2	25	NA	 39.8	  9.2	18	NA	6.1	NA	 3.5
473	2007	12	  0.2	  3.7	 12.2	18	 -4.9	-15.5	30	NA	 43.3	  9.7	2	NA	6.3	NA	 3.8
473	2008	1	 -3.0	  1.0	  9.1	3	 -7.0	-14.7	13	NA	 26.0	  4.7	16	NA	5.5	NA	 3.2
473	2008	2	 -1.5	  2.5	 11.2	18	 -4.4	-15.2	29	NA	 43.9	 10.4	2	NA	5.9	NA	 4.2
473	2008	3	 -2.7	  1.1	  7.5	19	 -6.4	-19.7	4	NA	 82.6	 26.5	14	NA	6.6	NA	 3.5
473	2008	4	 -0.1	  4.6	 11.3	25	 -3.7	-10.0	14	NA	 41.2	 10.0	29	NA	5.3	NA	 2.5
473	2008	5	  7.3	 12.2	 18.9	26	  2.9	 -4.5	16	NA	 51.8	 12.4	3	NA	6.2	NA	 2.3
473	2008	6	  8.9	 12.9	 17.6	2	  3.7	 -2.5	23	NA	 30.5	  9.7	29	NA	5.5	NA	 4.4
473	2008	7	 12.0	 17.6	 25.6	30	  7.0	 -0.2	20	NA	 33.3	 10.8	3	NA	5.5	NA	 3.1
473	2008	8	 10.9	 16.7	 23.0	1	  6.0	  0.5	21	NA	 22.9	  7.2	26	NA	5.2	NA	 3.1
473	2008	9	  8.8	 13.7	 19.4	17	  5.0	 -2.5	30	NA	 35.0	  9.7	12	NA	5.9	NA	 3.9
473	2008	10	 -0.0	  3.5	 11.0	31	 -3.6	-13.4	24	NA	134.1	 28.1	26	NA	6.5	NA	 3.7
473	2008	11	 -0.4	  3.8	 11.0	25	 -3.6	-11.1	15	NA	 74.6	 13.4	11	NA	6.6	NA	 3.3
473	2008	12	 -2.1	  1.9	  9.0	11	 -6.5	-16.8	14	NA	 31.2	  6.8	2	NA	5.1	NA	 2.9
473	2009	1	 -0.6	  2.7	 10.5	7	 -4.3	-14.3	13	NA	 72.7	 14.2	19	NA	6.1	NA	 2.7
473	2009	2	 -5.3	 -0.7	  8.8	18	 -9.1	-21.2	12	NA	 35.2	 10.8	21	NA	5.2	NA	 2.0
473	2009	3	 -1.6	  1.7	 11.0	19	 -4.7	-17.2	7	NA	131.1	 31.3	9	NA	6.7	NA	 4.0
473	2009	4	  2.5	  6.2	 12.5	29	 -0.5	 -7.0	9	NA	 38.7	  7.4	25	NA	6.6	NA	 2.2
473	2009	5	  6.8	 11.2	 16.6	14	  2.2	 -2.6	28	NA	 71.1	 33.2	9	NA	5.3	NA	 4.2
473	2009	6	  9.5	 14.5	 19.5	30	  4.3	 -2.3	20	NA	 20.9	 12.8	18	NA	5.6	NA	 3.0
473	2009	7	 10.7	 15.5	 23.9	1	  5.9	 -0.4	26	NA	 36.5	 14.7	31	NA	5.7	NA	 4.0
473	2009	8	 10.2	 14.7	 20.5	7	  5.9	  0.1	22	NA	 98.0	 23.8	29	NA	6.6	NA	 3.3
473	2009	9	  6.5	 12.1	 20.3	13	  2.9	 -6.0	28	NA	 42.7	 10.1	25	NA	5.6	NA	 3.0
473	2009	10	  2.1	  5.6	 16.7	14	 -1.3	-11.0	4	NA	 51.1	 13.7	18	NA	6.6	NA	 2.8
473	2009	11	 -0.1	  2.6	 10.0	9	 -2.5	-12.1	18	NA	 68.5	  6.3	16	NA	6.6	NA	 2.3
473	2009	12	 -1.8	  1.8	 12.6	12	 -5.5	-18.3	29	NA	 95.6	 14.8	20	NA	6.0	NA	 3.1
473	2010	1	 -0.9	  2.9	 15.0	25	 -4.6	-18.0	2	NA	  6.1	  4.8	5	NA	5.0	NA	 3.1
473	2010	2	 -5.2	 -1.0	  7.5	11	 -9.0	-19.5	24	NA	 73.7	 22.5	15	NA	5.6	NA	 2.0
473	2010	3	 -0.1	  3.8	  9.3	5	 -2.5	-16.6	2	NA	 34.8	  6.0	29	NA	6.7	NA	 3.1
473	2010	4	  0.3	  4.6	 11.4	12	 -3.5	-14.4	1	NA	 32.5	 10.4	6	NA	5.7	NA	 3.0
473	2010	5	  5.7	 10.6	 16.5	6	  0.7	 -7.8	1	NA	 21.1	  4.1	21	NA	6.0	NA	 2.5
473	2010	6	 11.2	 16.5	 21.5	18	  4.6	 -3.0	3	NA	  5.0	  2.5	11	NA	4.8	NA	 3.4
473	2010	7	 10.9	 15.9	 21.7	26	  6.9	  1.2	20	NA	 42.2	  9.5	2	NA	6.1	NA	 3.1
473	2010	8	 10.8	 15.4	 21.6	15	  6.9	 -3.0	29	NA	 66.2	 21.0	22	NA	6.5	NA	 2.6
473	2010	9	  8.5	 13.7	 23.1	4	  4.6	 -5.8	23	NA	 68.5	 54.8	15	NA	5.6	NA	 3.3
473	2010	10	  2.7	  7.3	 14.7	16	  0.1	-15.0	25	NA	 59.1	  8.8	18	NA	6.1	NA	 2.1
473	2010	11	 -2.9	  0.4	  6.2	19	 -7.1	-15.5	10	NA	 66.8	 11.4	3	NA	5.7	NA	 2.2
473	2010	12	 -2.6	  1.6	 12.2	27	 -7.2	-22.0	23	NA	 52.6	 22.8	18	NA	5.7	NA	 3.8
473	2011	1	 -0.5	  2.6	 11.3	23	 -4.0	-11.5	6	NA	 69.1	 25.3	7	NA	6.8	NA	 4.7
473	2011	2	 -1.0	  2.9	  8.7	13	 -4.2	-14.0	7	NA	 19.8	  5.7	1	NA	5.6	NA	 3.2
473	2011	3	 -1.8	  1.9	  8.9	3	 -5.7	-14.6	20	NA	 82.4	 18.8	11	NA	5.9	NA	 3.9
473	2011	4	  4.8	  9.8	 17.0	22	  0.7	 -7.9	4	NA	  7.0	  2.6	4	NA	5.7	NA	 4.1
473	2011	5	  4.5	  9.0	 16.6	9	  0.8	 -5.5	26	NA	 52.3	 14.0	24	NA	6.6	NA	 3.9
473	2012	1	NA	NA	NA	NA	NA	NA	NA	NA	 59.7	  7.2	18	NA	NA	NA	NA
473	2012	2	NA	NA	NA	NA	NA	NA	NA	NA	 27.1	  8.3	2	NA	NA	NA	NA
473	2012	3	NA	NA	NA	NA	NA	NA	NA	NA	 48.8	 26.3	4	NA	NA	NA	NA
473	2012	4	NA	NA	NA	NA	NA	NA	NA	NA	 26.1	  6.1	9	NA	NA	NA	NA
473	2012	5	NA	NA	NA	NA	NA	NA	NA	NA	 27.0	  9.1	15	NA	NA	NA	NA
473	2012	6	NA	NA	NA	NA	NA	NA	NA	NA	  7.5	  3.2	7	NA	NA	NA	NA
473	2012	7	NA	NA	NA	NA	NA	NA	NA	NA	 27.6	  8.4	24	NA	NA	NA	NA
473	2012	8	NA	NA	NA	NA	NA	NA	NA	NA	 11.0	  2.6	22	NA	NA	NA	NA
473	2012	9	NA	NA	NA	NA	NA	NA	NA	NA	194.5	 67.3	10	NA	NA	NA	NA
473	2012	10	NA	NA	NA	NA	NA	NA	NA	NA	 59.1	 14.0	2	NA	NA	NA	NA
473	2012	11	NA	NA	NA	NA	NA	NA	NA	NA	 99.3	 14.5	3	NA	NA	NA	NA
473	2012	12	NA	NA	NA	NA	NA	NA	NA	NA	 42.0	 14.6	31	NA	NA	NA	NA
473	2013	1	NA	NA	NA	NA	NA	NA	NA	NA	 31.2	  6.0	1	NA	NA	NA	NA
473	2013	2	NA	NA	NA	NA	NA	NA	NA	NA	 18.8	  4.7	5	NA	NA	NA	NA
473	2013	3	NA	NA	NA	NA	NA	NA	NA	NA	 19.1	  4.2	20	NA	NA	NA	NA
473	2013	4	NA	NA	NA	NA	NA	NA	NA	NA	 24.2	  8.7	16	NA	NA	NA	NA
473	2013	5	NA	NA	NA	NA	NA	NA	NA	NA	 45.5	  8.6	28	NA	NA	NA	NA
473	2013	6	NA	NA	NA	NA	NA	NA	NA	NA	 13.2	  3.0	9	NA	NA	NA	NA
473	2013	7	NA	NA	NA	NA	NA	NA	NA	NA	 45.5	 14.5	12	NA	NA	NA	NA
473	2013	8	NA	NA	NA	NA	NA	NA	NA	NA	 26.5	  6.6	4	NA	NA	NA	NA
473	2013	9	NA	NA	NA	NA	NA	NA	NA	NA	188.0	 96.2	16	NA	NA	NA	NA
473	2013	10	NA	NA	NA	NA	NA	NA	NA	NA	 91.1	 12.1	23	NA	NA	NA	NA
473	2013	11	NA	NA	NA	NA	NA	NA	NA	NA	 41.7	  8.9	2	NA	NA	NA	NA
473	2013	12	NA	NA	NA	NA	NA	NA	NA	NA	 66.4	 10.2	23	NA	NA	NA	NA
473	2014	1	NA	NA	NA	NA	NA	NA	NA	NA	 72.4	 17.1	5	NA	NA	NA	NA
473	2014	2	NA	NA	NA	NA	NA	NA	NA	NA	 34.1	  8.1	8	NA	NA	NA	NA
473	2014	3	NA	NA	NA	NA	NA	NA	NA	NA	 62.4	  9.9	13	NA	NA	NA	NA
473	2014	4	NA	NA	NA	NA	NA	NA	NA	NA	 18.2	  7.6	12	NA	NA	NA	NA
473	2014	5	NA	NA	NA	NA	NA	NA	NA	NA	 14.0	  3.8	19	NA	NA	NA	NA
473	2014	6	NA	NA	NA	NA	NA	NA	NA	NA	 37.2	 11.8	22	NA	NA	NA	NA
473	2014	7	NA	NA	NA	NA	NA	NA	NA	NA	115.3	 38.8	5	NA	NA	NA	NA
473	2014	8	NA	NA	NA	NA	NA	NA	NA	NA	 39.5	 12.8	9	NA	NA	NA	NA
473	2014	9	NA	NA	NA	NA	NA	NA	NA	NA	 34.6	 14.2	27	NA	NA	NA	NA
473	2014	10	NA	NA	NA	NA	NA	NA	NA	NA	 51.6	  8.6	23	NA	NA	NA	NA
473	2014	11	NA	NA	NA	NA	NA	NA	NA	NA	 77.3	 19.0	7	NA	NA	NA	NA
473	2014	12	NA	NA	NA	NA	NA	NA	NA	NA	 83.4	 11.0	5	NA	NA	NA	NA
473	2015	1	NA	NA	NA	NA	NA	NA	NA	NA	 42.5	  7.8	18	NA	NA	NA	NA
473	2015	2	NA	NA	NA	NA	NA	NA	NA	NA	 21.3	  6.8	20	NA	NA	NA	NA
473	2015	3	NA	NA	NA	NA	NA	NA	NA	NA	 48.0	 10.1	30	NA	NA	NA	NA
473	2015	4	NA	NA	NA	NA	NA	NA	NA	NA	 28.4	  5.8	28	NA	NA	NA	NA
473	2015	5	NA	NA	NA	NA	NA	NA	NA	NA	 29.3	 11.2	22	NA	NA	NA	NA
473	2015	6	NA	NA	NA	NA	NA	NA	NA	NA	 23.1	  7.8	3	NA	NA	NA	NA
473	2015	7	NA	NA	NA	NA	NA	NA	NA	NA	 66.7	 15.9	14	NA	NA	NA	NA
473	2015	8	NA	NA	NA	NA	NA	NA	NA	NA	 65.1	 18.6	29	NA	NA	NA	NA
473	2015	9	NA	NA	NA	NA	NA	NA	NA	NA	 37.7	 16.5	29	NA	NA	NA	NA
473	2015	10	NA	NA	NA	NA	NA	NA	NA	NA	 35.4	  9.2	21	NA	NA	NA	NA
473	2015	11	NA	NA	NA	NA	NA	NA	NA	NA	 43.3	  8.0	30	NA	NA	NA	NA
473	2015	12	NA	NA	NA	NA	NA	NA	NA	NA	 67.5	 11.5	5	NA	NA	NA	NA
473	2016	1	NA	NA	NA	NA	NA	NA	NA	NA	 33.7	  7.1	30	NA	NA	NA	NA
473	2016	2	NA	NA	NA	NA	NA	NA	NA	NA	 74.7	 30.3	20	NA	NA	NA	NA
473	2016	3	NA	NA	NA	NA	NA	NA	NA	NA	 40.8	 24.7	25	NA	NA	NA	NA
473	2016	4	NA	NA	NA	NA	NA	NA	NA	NA	 47.7	 26.6	18	NA	NA	NA	NA
473	2016	5	NA	NA	NA	NA	NA	NA	NA	NA	 28.7	  9.8	7	NA	NA	NA	NA
473	2016	6	NA	NA	NA	NA	NA	NA	NA	NA	 22.6	  8.6	29	NA	NA	NA	NA
473	2016	7	NA	NA	NA	NA	NA	NA	NA	NA	 51.8	 18.7	21	NA	NA	NA	NA
473	2016	8	NA	NA	NA	NA	NA	NA	NA	NA	 36.1	  7.5	28	NA	NA	NA	NA
473	2016	9	NA	NA	NA	NA	NA	NA	NA	NA	 66.9	 12.6	30	NA	NA	NA	NA
473	2016	10	NA	NA	NA	NA	NA	NA	NA	NA	  3.0	  1.5	12	NA	NA	NA	NA
473	2016	11	NA	NA	NA	NA	NA	NA	NA	NA	 95.2	 25.1	19	NA	NA	NA	NA
473	2016	12	NA	NA	NA	NA	NA	NA	NA	NA	 54.6	 18.0	24	NA	NA	NA	NA
473	2017	1	NA	NA	NA	NA	NA	NA	NA	NA	 34.6	  6.2	26	NA	NA	NA	NA
473	2017	2	NA	NA	NA	NA	NA	NA	NA	NA	 46.8	  8.4	10	NA	NA	NA	NA
473	2017	3	NA	NA	NA	NA	NA	NA	NA	NA	 26.6	  8.6	19	NA	NA	NA	NA
473	2017	4	NA	NA	NA	NA	NA	NA	NA	NA	 38.7	 11.5	7	NA	NA	NA	NA
473	2017	5	NA	NA	NA	NA	NA	NA	NA	NA	 45.4	 16.5	18	NA	NA	NA	NA
473	2017	6	NA	NA	NA	NA	NA	NA	NA	NA	 38.6	 13.1	1	NA	NA	NA	NA
473	2017	7	NA	NA	NA	NA	NA	NA	NA	NA	 29.6	  9.4	16	NA	NA	NA	NA
473	2017	8	NA	NA	NA	NA	NA	NA	NA	NA	 44.5	  7.9	19	NA	NA	NA	NA
473	2017	9	NA	NA	NA	NA	NA	NA	NA	NA	 84.9	 24.5	28	NA	NA	NA	NA
473	2017	10	NA	NA	NA	NA	NA	NA	NA	NA	 72.2	 31.7	12	NA	NA	NA	NA
473	2017	11	NA	NA	NA	NA	NA	NA	NA	NA	 86.0	 13.6	25	NA	NA	NA	NA
473	2017	12	NA	NA	NA	NA	NA	NA	NA	NA	 17.8	  5.0	28	NA	NA	NA	NA
473	2018	1	NA	NA	NA	NA	NA	NA	NA	NA	 40.9	  5.8	20	NA	NA	NA	NA
473	2018	2	NA	NA	NA	NA	NA	NA	NA	NA	 30.4	  7.7	14	NA	NA	NA	NA
473	2018	3	NA	NA	NA	NA	NA	NA	NA	NA	 24.0	  5.0	9	NA	NA	NA	NA
473	2018	4	NA	NA	NA	NA	NA	NA	NA	NA	 18.5	  7.5	4	NA	NA	NA	NA
473	2018	5	NA	NA	NA	NA	NA	NA	NA	NA	 42.1	  9.9	10	NA	NA	NA	NA
473	2018	6	NA	NA	NA	NA	NA	NA	NA	NA	 36.2	  8.7	19	NA	NA	NA	NA
473	2018	7	NA	NA	NA	NA	NA	NA	NA	NA	 79.6	 23.6	1	NA	NA	NA	NA
473	2018	8	NA	NA	NA	NA	NA	NA	NA	NA	 67.0	 15.4	22	NA	NA	NA	NA
473	2018	9	NA	NA	NA	NA	NA	NA	NA	NA	103.3	 41.2	21	NA	NA	NA	NA
473	2018	10	NA	NA	NA	NA	NA	NA	NA	NA	 81.7	 17.2	5	NA	NA	NA	NA
473	2018	11	NA	NA	NA	NA	NA	NA	NA	NA	 69.9	 12.1	13	NA	NA	NA	NA
473	2018	12	NA	NA	NA	NA	NA	NA	NA	NA	 45.6	 15.5	31	NA	NA	NA	NA
473	2019	1	NA	NA	NA	NA	NA	NA	NA	NA	 43.2	  9.2	15	NA	NA	NA	NA
473	2019	2	NA	NA	NA	NA	NA	NA	NA	NA	 43.0	  7.8	12	NA	NA	NA	NA
473	2019	3	NA	NA	NA	NA	NA	NA	NA	NA	 31.0	 17.7	23	NA	NA	NA	NA
473	2019	4	NA	NA	NA	NA	NA	NA	NA	NA	 16.1	  4.7	28	NA	NA	NA	NA
473	2019	5	NA	NA	NA	NA	NA	NA	NA	NA	 11.3	  2.6	10	NA	NA	NA	NA
473	2019	6	NA	NA	NA	NA	NA	NA	NA	NA	 26.3	  7.9	18	NA	NA	NA	NA
473	2019	7	NA	NA	NA	NA	NA	NA	NA	NA	 42.2	  7.5	4	NA	NA	NA	NA
473	2019	8	NA	NA	NA	NA	NA	NA	NA	NA	 95.0	 32.4	12	NA	NA	NA	NA
473	2019	9	NA	NA	NA	NA	NA	NA	NA	NA	 54.2	 12.1	19	NA	NA	NA	NA
473	2019	10	NA	NA	NA	NA	NA	NA	NA	NA	 62.7	 22.5	11	NA	NA	NA	NA
473	2019	11	NA	NA	NA	NA	NA	NA	NA	NA	  7.2	  2.7	14	NA	NA	NA	NA
473	2019	12	NA	NA	NA	NA	NA	NA	NA	NA	100.4	 20.6	11	NA	NA	NA	NA
473	2020	1	NA	NA	NA	NA	NA	NA	NA	NA	 59.5	 12.3	31	NA	NA	NA	NA
